learning_rate:1e-05
num_epochs:20
batch_size:400
loss_x:[49, 99, 149, 98, 198, 298, 147, 297, 447, 196, 396, 596, 245, 495, 745, 294, 594, 894, 343, 693, 1043, 392, 792, 1192, 441, 891, 1341, 490, 990, 1490, 539, 1089, 1639, 588, 1188, 1788, 637, 1287, 1937, 686, 1386, 2086, 735, 1485, 2235, 784, 1584, 2384, 833, 1683, 2533, 882, 1782, 2682, 931, 1881, 2831, 980, 1980, 2980]
loss_y:[2.2820165157318115, 2.2564337253570557, 2.2228894233703613, 2.1940762996673584, 2.1470558643341064, 2.0928168296813965, 2.0455453395843506, 1.9861029386520386, 1.9119176864624023, 1.8602383136749268, 1.7718430757522583, 1.7084330320358276, 1.643824815750122, 1.5512455701828003, 1.4884051084518433, 1.3734170198440552, 1.320692539215088, 1.2388495206832886, 1.145408034324646, 1.1193727254867554, 1.0786312818527222, 1.0237557888031006, 0.9755181074142456, 0.9113774299621582, 0.8996388912200928, 0.8813624382019043, 0.815473735332489, 0.7670588493347168, 0.7760787010192871, 0.665221095085144, 0.6657078266143799, 0.6490663886070251, 0.661769688129425, 0.6078442931175232, 0.5436542630195618, 0.5479109883308411, 0.5128152370452881, 0.5260137915611267, 0.5438237190246582, 0.5053572654724121, 0.46734678745269775, 0.43923062086105347, 0.4197841286659241, 0.44074559211730957, 0.38911569118499756, 0.4596607983112335, 0.4307459592819214, 0.3826189339160919, 0.41323867440223694, 0.37003105878829956, 0.33409640192985535, 0.3470141887664795, 0.37809130549430847, 0.3522009253501892, 0.3141583204269409, 0.37925857305526733, 0.26502975821495056, 0.37691882252693176, 0.3241613507270813, 0.31930121779441833]
loss_y_test:[2.2806050777435303, 2.253329277038574, 2.221654176712036, 2.185612201690674, 2.1447858810424805, 2.098602294921875, 2.043449640274048, 1.9815037250518799, 1.9150184392929077, 1.8442109823226929, 1.7703852653503418, 1.6939016580581665, 1.6166839599609375, 1.5383529663085938, 1.4615776538848877, 1.3869203329086304, 1.314290165901184, 1.2457911968231201, 1.1808892488479614, 1.120176076889038, 1.0634727478027344, 1.009324073791504, 0.9597352743148804, 0.9129269123077393, 0.8696720600128174, 0.8299821615219116, 0.7924776673316956, 0.7578241229057312, 0.7257102727890015, 0.6950041055679321, 0.666810154914856, 0.6407682299613953, 0.6160425543785095, 0.5931704044342041, 0.5711947083473206, 0.5509530901908875, 0.5319405198097229, 0.5136889815330505, 0.49728500843048096, 0.48118603229522705, 0.46606385707855225, 0.4520183205604553, 0.4383043646812439, 0.4259313642978668, 0.41456934809684753, 0.4032571017742157, 0.39253154397010803, 0.3824988901615143, 0.3730287253856659, 0.36404186487197876, 0.35505855083465576, 0.34700122475624084, 0.3390384912490845, 0.3317354917526245, 0.3244207501411438, 0.3178398609161377, 0.3114466965198517, 0.3049091398715973, 0.29984772205352783, 0.29302778840065]
accuracy_train:81.7875
accuracy_test:93.07
duration:1561.1099779605865
