learning_rate:0.001
num_epochs:20
batch_size:300
loss_x:[49, 99, 149, 199, 98, 198, 298, 398, 147, 297, 447, 597, 196, 396, 596, 796, 245, 495, 745, 995, 294, 594, 894, 1194, 343, 693, 1043, 1393, 392, 792, 1192, 1592, 441, 891, 1341, 1791, 490, 990, 1490, 1990, 539, 1089, 1639, 2189, 588, 1188, 1788, 2388, 637, 1287, 1937, 2587, 686, 1386, 2086, 2786, 735, 1485, 2235, 2985, 784, 1584, 2384, 3184, 833, 1683, 2533, 3383, 882, 1782, 2682, 3582, 931, 1881, 2831, 3781, 980, 1980, 2980, 3980]
loss_y:[0.6771507263183594, 0.402837336063385, 0.20766575634479523, 0.23650352656841278, 0.21248361468315125, 0.07415370643138885, 0.1257459819316864, 0.20843182504177094, 0.11067371070384979, 0.16490721702575684, 0.1102171316742897, 0.0980457067489624, 0.048442866653203964, 0.10546515136957169, 0.09908533096313477, 0.08847171813249588, 0.06793023645877838, 0.05006050318479538, 0.12166588008403778, 0.07784350961446762, 0.08440762013196945, 0.10883858799934387, 0.03859792649745941, 0.041939008980989456, 0.038167454302310944, 0.06583729386329651, 0.03900754451751709, 0.04575512558221817, 0.05070396885275841, 0.0588737353682518, 0.07321444898843765, 0.06356433033943176, 0.07019733637571335, 0.04588693007826805, 0.05322197079658508, 0.027707500383257866, 0.04320460185408592, 0.02204390987753868, 0.03117295540869236, 0.053733278065919876, 0.016614852473139763, 0.024369068443775177, 0.038393378257751465, 0.021516216918826103, 0.017179911956191063, 0.017064431682229042, 0.052011482417583466, 0.02413342334330082, 0.0388592928647995, 0.028560850769281387, 0.06277051568031311, 0.06342075020074844, 0.01042468473315239, 0.015842735767364502, 0.026480495929718018, 0.015528591349720955, 0.0500747449696064, 0.04316875338554382, 0.022697264328598976, 0.03284163773059845, 0.0273380596190691, 0.015920350328087807, 0.036982811987400055, 0.05193657800555229, 0.026094352826476097, 0.040387094020843506, 0.028995193541049957, 0.01404989417642355, 0.007784586865454912, 0.01290927454829216, 0.06506210565567017, 0.02778913825750351, 0.014414922334253788, 0.024331456050276756, 0.016623154282569885, 0.017458513379096985, 0.010955710895359516, 0.0723438709974289, 0.02976078726351261, 0.013828612864017487]
loss_y_test:[0.7289743423461914, 0.3029346764087677, 0.21259315311908722, 0.1761757731437683, 0.13892804086208344, 0.1325007826089859, 0.11824687570333481, 0.11495386809110641, 0.09950494021177292, 0.10325037688016891, 0.08450111746788025, 0.08236251771450043, 0.07464271038770676, 0.07508242875337601, 0.07308004796504974, 0.08311545848846436, 0.06416473537683487, 0.06770197302103043, 0.066038578748703, 0.0784565657377243, 0.06009644642472267, 0.07543894648551941, 0.05247488617897034, 0.05940482020378113, 0.05254174396395683, 0.0533476248383522, 0.06864827871322632, 0.054574284702539444, 0.04892479255795479, 0.05733712390065193, 0.046137917786836624, 0.04560301452875137, 0.05515337362885475, 0.04596465453505516, 0.05000873655080795, 0.045339662581682205, 0.04454325884580612, 0.04444140940904617, 0.05408952012658119, 0.0450819730758667, 0.04461101070046425, 0.04281291365623474, 0.04300311580300331, 0.05585800111293793, 0.04635196924209595, 0.042665041983127594, 0.04479452222585678, 0.0421510748565197, 0.04479223117232323, 0.04178662970662117, 0.04110485315322876, 0.03873397037386894, 0.04398208484053612, 0.04162648320198059, 0.0428466759622097, 0.044432006776332855, 0.03997373580932617, 0.03674313798546791, 0.04398835822939873, 0.04123235121369362, 0.03943318873643875, 0.04273204505443573, 0.042763952165842056, 0.04234914854168892, 0.04887976124882698, 0.04069632664322853, 0.0395129956305027, 0.041909050196409225, 0.04029136896133423, 0.043802570551633835, 0.04184747114777565, 0.040888067334890366, 0.04317669942975044, 0.05282403901219368, 0.04086035117506981, 0.041669830679893494, 0.04502704367041588, 0.045697782188653946, 0.04296932741999626, 0.03920617699623108]
accuracy_train:97.78333333333333
accuracy_test:98.84
duration:1631.3874914646149
