learning_rate:0.0001
num_epochs:20
batch_size:400
loss_x:[49, 99, 149, 98, 198, 298, 147, 297, 447, 196, 396, 596, 245, 495, 745, 294, 594, 894, 343, 693, 1043, 392, 792, 1192, 441, 891, 1341, 490, 990, 1490, 539, 1089, 1639, 588, 1188, 1788, 637, 1287, 1937, 686, 1386, 2086, 735, 1485, 2235, 784, 1584, 2384, 833, 1683, 2533, 882, 1782, 2682, 931, 1881, 2831, 980, 1980, 2980]
loss_y:[1.4055558443069458, 0.6618140935897827, 0.4442259967327118, 0.33867254853248596, 0.23439529538154602, 0.20623835921287537, 0.22440962493419647, 0.18258368968963623, 0.11784935742616653, 0.1671837419271469, 0.1529051959514618, 0.1611785739660263, 0.11486393213272095, 0.13929283618927002, 0.11769459396600723, 0.09724804759025574, 0.08660160005092621, 0.10154901444911957, 0.09025757759809494, 0.10580751299858093, 0.10015693306922913, 0.13157682120800018, 0.09195556491613388, 0.07502777874469757, 0.06976111233234406, 0.059036869555711746, 0.080363929271698, 0.04626267030835152, 0.10363537073135376, 0.07484126091003418, 0.0550600066781044, 0.07454753667116165, 0.08845492452383041, 0.07733133435249329, 0.045441027730703354, 0.0836406722664833, 0.05739964172244072, 0.07431673258543015, 0.052413977682590485, 0.05814195051789284, 0.06793010979890823, 0.038434866815805435, 0.08602402359247208, 0.048967525362968445, 0.06252553313970566, 0.04064513370394707, 0.05598999932408333, 0.03763092681765556, 0.06108228862285614, 0.04279372841119766, 0.05670809745788574, 0.07149650901556015, 0.04510520398616791, 0.040008872747421265, 0.03650029003620148, 0.05201687663793564, 0.08042250573635101, 0.030962031334638596, 0.04887091740965843, 0.06116382032632828]
loss_y_test:[1.3411401510238647, 0.6603267788887024, 0.4020516574382782, 0.29218369722366333, 0.23260654509067535, 0.1941317915916443, 0.16931065917015076, 0.15324001014232635, 0.13515445590019226, 0.1262746900320053, 0.11517682671546936, 0.10756982117891312, 0.1038198471069336, 0.09822681546211243, 0.09559044241905212, 0.09006550163030624, 0.0865698829293251, 0.08275509625673294, 0.08402176201343536, 0.07907935976982117, 0.07665851712226868, 0.07924720644950867, 0.07568962872028351, 0.07455753535032272, 0.0722496286034584, 0.07056557387113571, 0.07344750314950943, 0.0694255381822586, 0.06719449907541275, 0.06592661142349243, 0.06735587865114212, 0.06586861610412598, 0.06318476051092148, 0.06277183443307877, 0.06345091015100479, 0.06437991559505463, 0.06296683102846146, 0.06506629288196564, 0.0597066767513752, 0.06506442278623581, 0.06014097109436989, 0.059536632150411606, 0.059175945818424225, 0.055908527225255966, 0.05933674797415733, 0.058471325784921646, 0.05489485338330269, 0.055086370557546616, 0.057823725044727325, 0.054903075098991394, 0.05483097955584526, 0.05283953249454498, 0.05494319275021553, 0.053674906492233276, 0.05297204852104187, 0.05335031822323799, 0.053232718259096146, 0.052492428570985794, 0.05071333423256874, 0.05110374838113785]
accuracy_train:96.62916666666666
accuracy_test:98.32
duration:1514.4796872138977
