learning_rate:1e-05
num_epochs:20
batch_size:300
loss_x:[49, 99, 149, 199, 98, 198, 298, 398, 147, 297, 447, 597, 196, 396, 596, 796, 245, 495, 745, 995, 294, 594, 894, 1194, 343, 693, 1043, 1393, 392, 792, 1192, 1592, 441, 891, 1341, 1791, 490, 990, 1490, 1990, 539, 1089, 1639, 2189, 588, 1188, 1788, 2388, 637, 1287, 1937, 2587, 686, 1386, 2086, 2786, 735, 1485, 2235, 2985, 784, 1584, 2384, 3184, 833, 1683, 2533, 3383, 882, 1782, 2682, 3582, 931, 1881, 2831, 3781, 980, 1980, 2980, 3980]
loss_y:[2.2797791957855225, 2.2543909549713135, 2.2149581909179688, 2.1687772274017334, 2.11533784866333, 2.0723273754119873, 2.035790205001831, 1.9948580265045166, 1.8782625198364258, 1.8182533979415894, 1.7842950820922852, 1.6937596797943115, 1.6084620952606201, 1.5411109924316406, 1.44965660572052, 1.482119083404541, 1.329626202583313, 1.2707679271697998, 1.22510826587677, 1.1993976831436157, 1.125357985496521, 1.180322527885437, 1.0875427722930908, 0.9808855056762695, 1.0525689125061035, 1.0036771297454834, 0.9522366523742676, 0.930938720703125, 0.9175646901130676, 0.8659692406654358, 0.8842194676399231, 0.7919411659240723, 0.809205949306488, 0.8278829455375671, 0.7185754179954529, 0.6991567015647888, 0.7488878965377808, 0.7686077356338501, 0.6703881025314331, 0.7562441229820251, 0.6616493463516235, 0.6634131073951721, 0.5939753651618958, 0.6861104965209961, 0.6012526154518127, 0.5801253318786621, 0.6057161092758179, 0.6022516489028931, 0.6599324345588684, 0.6197301149368286, 0.548464298248291, 0.5093078017234802, 0.649647057056427, 0.5154129862785339, 0.5534276366233826, 0.5224170684814453, 0.4549199044704437, 0.4539143741130829, 0.5431439876556396, 0.47956162691116333, 0.473147988319397, 0.49464237689971924, 0.5230126976966858, 0.48220881819725037, 0.4166659116744995, 0.4633195102214813, 0.4718584716320038, 0.43581923842430115, 0.42360174655914307, 0.5121772289276123, 0.45138320326805115, 0.3654656410217285, 0.3869280517101288, 0.39490965008735657, 0.4023727774620056, 0.47399139404296875, 0.41743338108062744, 0.4092109501361847, 0.40665486454963684, 0.3665197193622589]
loss_y_test:[2.279608964920044, 2.2487404346466064, 2.213350772857666, 2.1746318340301514, 2.1293582916259766, 2.0787644386291504, 2.0213565826416016, 1.9574248790740967, 1.890960454940796, 1.8228651285171509, 1.751704454421997, 1.6813483238220215, 1.6089413166046143, 1.5383100509643555, 1.4712436199188232, 1.4060168266296387, 1.34474778175354, 1.286929965019226, 1.2323694229125977, 1.1825428009033203, 1.1365931034088135, 1.0937526226043701, 1.0553789138793945, 1.0196285247802734, 0.9860718846321106, 0.9560407996177673, 0.9269154667854309, 0.9003419876098633, 0.8759916424751282, 0.8520757555961609, 0.8307908773422241, 0.8105006217956543, 0.7902323603630066, 0.7722960114479065, 0.7536587715148926, 0.7385683655738831, 0.7242269515991211, 0.7060603499412537, 0.6917433142662048, 0.6780092120170593, 0.6649236083030701, 0.653592586517334, 0.6396499276161194, 0.6286102533340454, 0.6175020337104797, 0.6058353781700134, 0.5951398611068726, 0.585351824760437, 0.5738389492034912, 0.5658358335494995, 0.5562888383865356, 0.5463563799858093, 0.5378231406211853, 0.5286913514137268, 0.5204100608825684, 0.5144017934799194, 0.5052309036254883, 0.49719148874282837, 0.4895630478858948, 0.4827234148979187, 0.47556164860725403, 0.4703786373138428, 0.4646168053150177, 0.4561746120452881, 0.45128294825553894, 0.44439247250556946, 0.43926292657852173, 0.43286973237991333, 0.4273848831653595, 0.42148536443710327, 0.4177524745464325, 0.41365861892700195, 0.40667951107025146, 0.4012563228607178, 0.39812931418418884, 0.39170336723327637, 0.3880748450756073, 0.3834221363067627, 0.37892645597457886, 0.3745819926261902]
accuracy_train:76.64166666666667
accuracy_test:90.65
duration:1666.831768989563
