learning_rate:0.0001
num_epochs:20
batch_size:300
loss_x:[49, 99, 149, 199, 98, 198, 298, 398, 147, 297, 447, 597, 196, 396, 596, 796, 245, 495, 745, 995, 294, 594, 894, 1194, 343, 693, 1043, 1393, 392, 792, 1192, 1592, 441, 891, 1341, 1791, 490, 990, 1490, 1990, 539, 1089, 1639, 2189, 588, 1188, 1788, 2388, 637, 1287, 1937, 2587, 686, 1386, 2086, 2786, 735, 1485, 2235, 2985, 784, 1584, 2384, 3184, 833, 1683, 2533, 3383, 882, 1782, 2682, 3582, 931, 1881, 2831, 3781, 980, 1980, 2980, 3980]
loss_y:[1.4994723796844482, 0.8458057045936584, 0.5458524823188782, 0.4250071346759796, 0.3996478319168091, 0.38202282786369324, 0.36156368255615234, 0.25933143496513367, 0.19456104934215546, 0.17488408088684082, 0.1708562672138214, 0.17781782150268555, 0.17770332098007202, 0.1703214943408966, 0.14999239146709442, 0.10096081346273422, 0.13575585186481476, 0.12082456052303314, 0.09728748351335526, 0.13263577222824097, 0.11872102320194244, 0.08166160434484482, 0.12125954031944275, 0.05894244462251663, 0.10574737191200256, 0.06583530455827713, 0.07788325101137161, 0.064010851085186, 0.10536897927522659, 0.0988318920135498, 0.07626307010650635, 0.07525242865085602, 0.07198914885520935, 0.05552489683032036, 0.06552782654762268, 0.10429427027702332, 0.11383205652236938, 0.08642123639583588, 0.12001653015613556, 0.06055443361401558, 0.10059415549039841, 0.08243727684020996, 0.0729990303516388, 0.11586420983076096, 0.059738826006650925, 0.07929856330156326, 0.08564430475234985, 0.09605927765369415, 0.06446284800767899, 0.08149793744087219, 0.07745430618524551, 0.1306198686361313, 0.061205413192510605, 0.06125533580780029, 0.06935945153236389, 0.038367800414562225, 0.04663398116827011, 0.08524002134799957, 0.09709136188030243, 0.05684744566679001, 0.09685223549604416, 0.05333089083433151, 0.06367673724889755, 0.04812796786427498, 0.07134590297937393, 0.047872673720121384, 0.07151685655117035, 0.03197163715958595, 0.058841075748205185, 0.040725987404584885, 0.03630576655268669, 0.03185056522488594, 0.04435710981488228, 0.08288998901844025, 0.026615506038069725, 0.06324870884418488, 0.04756668582558632, 0.03026413358747959, 0.059024810791015625, 0.025688303634524345]
loss_y_test:[1.4640864133834839, 0.8550499677658081, 0.5806450843811035, 0.4478154480457306, 0.3667081296443939, 0.3069952428340912, 0.26923221349716187, 0.23462937772274017, 0.2109536975622177, 0.19788914918899536, 0.1775028556585312, 0.16227371990680695, 0.1491268426179886, 0.1441669911146164, 0.13313935697078705, 0.1286291927099228, 0.12404600530862808, 0.11357510834932327, 0.11213120818138123, 0.113292396068573, 0.1072155088186264, 0.09890174865722656, 0.09855304658412933, 0.09567812830209732, 0.10275373607873917, 0.09243912994861603, 0.0906946063041687, 0.09316409379243851, 0.09057605266571045, 0.0818621963262558, 0.0827360674738884, 0.08444565534591675, 0.07752189040184021, 0.0801505446434021, 0.08137579262256622, 0.07624927163124084, 0.07479268312454224, 0.07302714139223099, 0.07220454514026642, 0.06976620852947235, 0.07175512611865997, 0.07383230328559875, 0.06919073313474655, 0.06830296665430069, 0.06846796721220016, 0.06453969329595566, 0.07206348329782486, 0.0638747364282608, 0.062447309494018555, 0.06536786258220673, 0.06180373951792717, 0.0653936043381691, 0.06341409683227539, 0.06328558921813965, 0.061227764934301376, 0.06808764487504959, 0.06647109985351562, 0.06154823303222656, 0.06045566499233246, 0.058888260275125504, 0.057079628109931946, 0.05980866774916649, 0.05510956794023514, 0.059106796979904175, 0.057770222425460815, 0.05977389216423035, 0.05837452784180641, 0.05334926396608353, 0.05585134029388428, 0.056359268724918365, 0.061384256929159164, 0.05302177742123604, 0.056726738810539246, 0.060653336346149445, 0.054183851927518845, 0.05398675426840782, 0.05617186799645424, 0.05765017122030258, 0.05343884602189064, 0.056966379284858704]
accuracy_train:96.37083333333334
accuracy_test:98.2
duration:1632.6815643310547
