learning_rate:0.0001
num_epochs:20
batch_size:400
loss_x:[49, 99, 149, 98, 198, 298, 147, 297, 447, 196, 396, 596, 245, 495, 745, 294, 594, 894, 343, 693, 1043, 392, 792, 1192, 441, 891, 1341, 490, 990, 1490, 539, 1089, 1639, 588, 1188, 1788, 637, 1287, 1937, 686, 1386, 2086, 735, 1485, 2235, 784, 1584, 2384, 833, 1683, 2533, 882, 1782, 2682, 931, 1881, 2831, 980, 1980, 2980]
loss_y:[2.12443208694458, 1.6692050695419312, 1.1746103763580322, 0.8453568816184998, 0.6591845750808716, 0.5097239017486572, 0.4681912958621979, 0.3985172212123871, 0.3863159120082855, 0.4273378849029541, 0.30504173040390015, 0.24913786351680756, 0.29897835850715637, 0.27008333802223206, 0.23200754821300507, 0.2265532910823822, 0.24859194457530975, 0.2388131320476532, 0.2308255434036255, 0.1934463083744049, 0.1907549351453781, 0.19559861719608307, 0.16638080775737762, 0.1618819683790207, 0.18093067407608032, 0.18539810180664062, 0.11864079535007477, 0.12606549263000488, 0.18278877437114716, 0.12805868685245514, 0.10548556596040726, 0.16278207302093506, 0.13449770212173462, 0.13916929066181183, 0.13376057147979736, 0.12857554852962494, 0.13592630624771118, 0.1349477767944336, 0.08419483155012131, 0.11287286877632141, 0.08145952969789505, 0.09364292770624161, 0.07943291962146759, 0.1027858555316925, 0.12511800229549408, 0.13001403212547302, 0.10888596624135971, 0.1205245852470398, 0.09261485934257507, 0.12463536113500595, 0.09129925817251205, 0.06810580939054489, 0.08497574180364609, 0.10826774686574936, 0.1449413001537323, 0.12052659690380096, 0.06939030438661575, 0.07382988184690475, 0.09152831882238388, 0.09562915563583374]
loss_y_test:[2.121431350708008, 1.6498961448669434, 1.1300567388534546, 0.8062861561775208, 0.6334057450294495, 0.5290609002113342, 0.4597383141517639, 0.4049204885959625, 0.3668014109134674, 0.3392411470413208, 0.31525370478630066, 0.2929203510284424, 0.2706950604915619, 0.25999534130096436, 0.24125602841377258, 0.2326832264661789, 0.2207341343164444, 0.20882360637187958, 0.19961804151535034, 0.19197013974189758, 0.18364568054676056, 0.17827390134334564, 0.17383983731269836, 0.17168444395065308, 0.1666269153356552, 0.15524384379386902, 0.15269850194454193, 0.14673490822315216, 0.1430094689130783, 0.13925029337406158, 0.13639554381370544, 0.13148467242717743, 0.13015086948871613, 0.12504898011684418, 0.12116792052984238, 0.11739420145750046, 0.11700688302516937, 0.11332883685827255, 0.1155206710100174, 0.10712406039237976, 0.11084923148155212, 0.10691104829311371, 0.10244811326265335, 0.0990741178393364, 0.0970340147614479, 0.10013933479785919, 0.09511014074087143, 0.09405629336833954, 0.09425939619541168, 0.09052985161542892, 0.09069088846445084, 0.09284675866365433, 0.08951915055513382, 0.08996143937110901, 0.08402347564697266, 0.08515314012765884, 0.08553842455148697, 0.08029970526695251, 0.08000088483095169, 0.08143986761569977]
accuracy_train:92.86666666666666
accuracy_test:97.38
duration:1430.329735994339
