learning_rate:1e-05
num_epochs:20
batch_size:400
loss_x:[49, 99, 149, 98, 198, 298, 147, 297, 447, 196, 396, 596, 245, 495, 745, 294, 594, 894, 343, 693, 1043, 392, 792, 1192, 441, 891, 1341, 490, 990, 1490, 539, 1089, 1639, 588, 1188, 1788, 637, 1287, 1937, 686, 1386, 2086, 735, 1485, 2235, 784, 1584, 2384, 833, 1683, 2533, 882, 1782, 2682, 931, 1881, 2831, 980, 1980, 2980]
loss_y:[2.129817247390747, 1.932953953742981, 1.7409026622772217, 1.535556674003601, 1.365040898323059, 1.2400165796279907, 1.0444068908691406, 0.9832406044006348, 0.8991895318031311, 0.8360890746116638, 0.7730439901351929, 0.7515919208526611, 0.6703534722328186, 0.6138375401496887, 0.6209722757339478, 0.6132620573043823, 0.5632473230361938, 0.531200110912323, 0.5328803062438965, 0.49108386039733887, 0.4452860355377197, 0.4229494035243988, 0.4035189151763916, 0.34348899126052856, 0.4574663043022156, 0.3646349012851715, 0.40226641297340393, 0.3869066536426544, 0.3624076843261719, 0.3833852708339691, 0.31601765751838684, 0.345159649848938, 0.3552272915840149, 0.26815691590309143, 0.2612483501434326, 0.34233585000038147, 0.2631182074546814, 0.24917419254779816, 0.26796549558639526, 0.25417548418045044, 0.26718735694885254, 0.3216220438480377, 0.21167629957199097, 0.25432178378105164, 0.27630165219306946, 0.2482435256242752, 0.28376203775405884, 0.20699530839920044, 0.27505403757095337, 0.23029877245426178, 0.23503875732421875, 0.21714730560779572, 0.25299152731895447, 0.2064177691936493, 0.2157340943813324, 0.2279084324836731, 0.1976063847541809, 0.19811183214187622, 0.22113069891929626, 0.22571851313114166]
loss_y_test:[2.1206674575805664, 1.918308138847351, 1.7203729152679443, 1.5296998023986816, 1.3580492734909058, 1.2103711366653442, 1.0812870264053345, 0.9716304540634155, 0.8835313320159912, 0.8102591633796692, 0.7492721676826477, 0.697132408618927, 0.6514540314674377, 0.6123659014701843, 0.5782318711280823, 0.5481501817703247, 0.5203141570091248, 0.4953794479370117, 0.4732108414173126, 0.45322880148887634, 0.4355472922325134, 0.41879498958587646, 0.40374594926834106, 0.3895390033721924, 0.37519389390945435, 0.3638498783111572, 0.352845698595047, 0.34209468960762024, 0.3320651352405548, 0.3237198293209076, 0.3143610656261444, 0.3077072501182556, 0.29936668276786804, 0.29227396845817566, 0.28563809394836426, 0.27930331230163574, 0.27353134751319885, 0.2676347494125366, 0.26303163170814514, 0.25715821981430054, 0.2536298334598541, 0.24772357940673828, 0.24244770407676697, 0.23979000747203827, 0.2341538965702057, 0.23122569918632507, 0.226134791970253, 0.22241899371147156, 0.21897295117378235, 0.21612142026424408, 0.21309348940849304, 0.20920181274414062, 0.2060774564743042, 0.20324337482452393, 0.20102690160274506, 0.19782407581806183, 0.19550777971744537, 0.1923275589942932, 0.19042329490184784, 0.187903493642807]
accuracy_train:88.07083333333334
accuracy_test:95.02
duration:1575.3733265399933
