learning_rate:0.001
num_epochs:20
batch_size:400
loss_x:[49, 99, 149, 98, 198, 298, 147, 297, 447, 196, 396, 596, 245, 495, 745, 294, 594, 894, 343, 693, 1043, 392, 792, 1192, 441, 891, 1341, 490, 990, 1490, 539, 1089, 1639, 588, 1188, 1788, 637, 1287, 1937, 686, 1386, 2086, 735, 1485, 2235, 784, 1584, 2384, 833, 1683, 2533, 882, 1782, 2682, 931, 1881, 2831, 980, 1980, 2980]
loss_y:[0.8517139554023743, 0.6273263692855835, 0.3489293158054352, 0.26667314767837524, 0.2109951376914978, 0.173608660697937, 0.17294524610042572, 0.16565629839897156, 0.15758930146694183, 0.14986097812652588, 0.12951287627220154, 0.08761684596538544, 0.06765953451395035, 0.11554700881242752, 0.12460815161466599, 0.12234491109848022, 0.06412382423877716, 0.11912380903959274, 0.08395937085151672, 0.09336477518081665, 0.0445537343621254, 0.053614720702171326, 0.06546618789434433, 0.05062073841691017, 0.0809796079993248, 0.06792061775922775, 0.07201123237609863, 0.05567009374499321, 0.06048300862312317, 0.06322906166315079, 0.04120784252882004, 0.04916874319314957, 0.06348344683647156, 0.042295608669519424, 0.06863109767436981, 0.06819745153188705, 0.020501768216490746, 0.05604662373661995, 0.055945493280887604, 0.06751211732625961, 0.018910549581050873, 0.09953600913286209, 0.03292694315314293, 0.07036089897155762, 0.037403903901576996, 0.01290044654160738, 0.033868614584207535, 0.026021448895335197, 0.021487988531589508, 0.08306708931922913, 0.04133984446525574, 0.055699028074741364, 0.05667392909526825, 0.019147679209709167, 0.03712748363614082, 0.012571834027767181, 0.02271062321960926, 0.018090778961777687, 0.04238290339708328, 0.012188452295958996]
loss_y_test:[0.899637758731842, 0.5191121101379395, 0.33878761529922485, 0.24272239208221436, 0.1979876160621643, 0.18515320122241974, 0.16107873618602753, 0.13171307742595673, 0.12551024556159973, 0.11709204316139221, 0.11335115134716034, 0.10423187911510468, 0.10402169823646545, 0.10039421916007996, 0.08827734738588333, 0.07982300221920013, 0.08398997038602829, 0.07914397120475769, 0.07834961265325546, 0.07267013192176819, 0.07502938061952591, 0.0794522613286972, 0.07033903896808624, 0.07254934310913086, 0.07544756680727005, 0.06506061553955078, 0.08281473070383072, 0.06976795196533203, 0.063419871032238, 0.06715546548366547, 0.06854516267776489, 0.060061994940042496, 0.05452960357069969, 0.05935114249587059, 0.0740666538476944, 0.05351894721388817, 0.058610230684280396, 0.04927217960357666, 0.061397552490234375, 0.05256311595439911, 0.05617750063538551, 0.053796667605638504, 0.05242013558745384, 0.05558835342526436, 0.07013288140296936, 0.055026933550834656, 0.05055674910545349, 0.04768289253115654, 0.05096694827079773, 0.05137834697961807, 0.05842180177569389, 0.05392381176352501, 0.055958736687898636, 0.05631338059902191, 0.04745413362979889, 0.057103484869003296, 0.05035252496600151, 0.049815353006124496, 0.04961911588907242, 0.052619293332099915]
accuracy_train:96.95416666666667
accuracy_test:98.22
duration:1429.6615235805511
