learning_rate:1e-05
num_epochs:20
batch_size:300
loss_x:[49, 99, 149, 199, 98, 198, 298, 398, 147, 297, 447, 597, 196, 396, 596, 796, 245, 495, 745, 995, 294, 594, 894, 1194, 343, 693, 1043, 1393, 392, 792, 1192, 1592, 441, 891, 1341, 1791, 490, 990, 1490, 1990, 539, 1089, 1639, 2189, 588, 1188, 1788, 2388, 637, 1287, 1937, 2587, 686, 1386, 2086, 2786, 735, 1485, 2235, 2985, 784, 1584, 2384, 3184, 833, 1683, 2533, 3383, 882, 1782, 2682, 3582, 931, 1881, 2831, 3781, 980, 1980, 2980, 3980]
loss_y:[2.1382877826690674, 1.9711718559265137, 1.8229217529296875, 1.6624040603637695, 1.5452165603637695, 1.417511224746704, 1.3184826374053955, 1.225672960281372, 1.1914466619491577, 1.0244359970092773, 0.9122432470321655, 0.9636493921279907, 0.8735135793685913, 0.917343020439148, 0.8055394291877747, 0.8348568677902222, 0.736228883266449, 0.762606143951416, 0.7325804233551025, 0.6488572955131531, 0.6021042466163635, 0.5851330757141113, 0.6908941268920898, 0.6054719686508179, 0.594847559928894, 0.5587136149406433, 0.5847527384757996, 0.6234269142150879, 0.4983714818954468, 0.500582754611969, 0.4490952491760254, 0.46464329957962036, 0.48651108145713806, 0.452909380197525, 0.44924861192703247, 0.41917213797569275, 0.41187432408332825, 0.4414508640766144, 0.37432271242141724, 0.41563597321510315, 0.374971479177475, 0.40502384305000305, 0.36975032091140747, 0.3797058165073395, 0.35465580224990845, 0.3694401681423187, 0.3292525112628937, 0.3414856195449829, 0.3515913486480713, 0.2980234920978546, 0.28881600499153137, 0.25678345561027527, 0.3403725326061249, 0.2794133424758911, 0.394569993019104, 0.2643008530139923, 0.29258906841278076, 0.24343259632587433, 0.3010652959346771, 0.31765130162239075, 0.29722195863723755, 0.26218441128730774, 0.23854514956474304, 0.2562873959541321, 0.21853530406951904, 0.22896161675453186, 0.23789668083190918, 0.20404264330863953, 0.21872663497924805, 0.23178736865520477, 0.27261245250701904, 0.28662413358688354, 0.2224474400281906, 0.2627590298652649, 0.25085264444351196, 0.2418588250875473, 0.29305699467658997, 0.3355904519557953, 0.2300298511981964, 0.19033460319042206]
loss_y_test:[2.138756513595581, 1.9744502305984497, 1.8109350204467773, 1.6579715013504028, 1.5172557830810547, 1.39359712600708, 1.2849310636520386, 1.1932629346847534, 1.1120681762695312, 1.043242335319519, 0.9820574522018433, 0.9289705753326416, 0.8817072510719299, 0.8402966260910034, 0.8036684989929199, 0.7694191336631775, 0.738219678401947, 0.7099677324295044, 0.6836766600608826, 0.6600372195243835, 0.6365083456039429, 0.6147707104682922, 0.5947373509407043, 0.5760278701782227, 0.5603933334350586, 0.5436491370201111, 0.5285460948944092, 0.5127291083335876, 0.49845370650291443, 0.48717448115348816, 0.4731946885585785, 0.46206021308898926, 0.44988322257995605, 0.4402468800544739, 0.43287259340286255, 0.42001834511756897, 0.41099491715431213, 0.40100693702697754, 0.3931815028190613, 0.38469481468200684, 0.3772132992744446, 0.3696630001068115, 0.3625856637954712, 0.3553586006164551, 0.3497714698314667, 0.34284424781799316, 0.3385581374168396, 0.33082345128059387, 0.32449305057525635, 0.31976813077926636, 0.3153051435947418, 0.30919212102890015, 0.30430150032043457, 0.29827526211738586, 0.2962225377559662, 0.29036206007003784, 0.2867017686367035, 0.28159084916114807, 0.277561753988266, 0.2744118869304657, 0.2701014280319214, 0.2658451497554779, 0.2621460258960724, 0.2593987286090851, 0.2566939890384674, 0.25243306159973145, 0.24916702508926392, 0.24566586315631866, 0.24261897802352905, 0.24086938798427582, 0.23701272904872894, 0.23515775799751282, 0.23107744753360748, 0.22921648621559143, 0.2263951450586319, 0.22347527742385864, 0.22068382799625397, 0.2195599526166916, 0.21605682373046875, 0.2138286530971527]
accuracy_train:86.15416666666667
accuracy_test:94.24
duration:1591.563519001007
