learning_rate:0.0001
num_epochs:20
batch_size:300
loss_x:[49, 99, 149, 199, 98, 198, 298, 398, 147, 297, 447, 597, 196, 396, 596, 796, 245, 495, 745, 995, 294, 594, 894, 1194, 343, 693, 1043, 1393, 392, 792, 1192, 1592, 441, 891, 1341, 1791, 490, 990, 1490, 1990, 539, 1089, 1639, 2189, 588, 1188, 1788, 2388, 637, 1287, 1937, 2587, 686, 1386, 2086, 2786, 735, 1485, 2235, 2985, 784, 1584, 2384, 3184, 833, 1683, 2533, 3383, 882, 1782, 2682, 3582, 931, 1881, 2831, 3781, 980, 1980, 2980, 3980]
loss_y:[2.0990357398986816, 1.6413123607635498, 1.1773815155029297, 0.9115776419639587, 0.7920970916748047, 0.6848012208938599, 0.4857669174671173, 0.5004766583442688, 0.5488710999488831, 0.4430013597011566, 0.4255930185317993, 0.3901258409023285, 0.28984856605529785, 0.3594142198562622, 0.35053935647010803, 0.30899935960769653, 0.25324830412864685, 0.25289633870124817, 0.1847747564315796, 0.21803085505962372, 0.264239102602005, 0.31591904163360596, 0.25313442945480347, 0.2607073187828064, 0.2165885865688324, 0.20561152696609497, 0.18815653026103973, 0.2545900344848633, 0.21759577095508575, 0.24768124520778656, 0.2295350581407547, 0.14686697721481323, 0.1871081292629242, 0.18034444749355316, 0.1572311520576477, 0.2192814201116562, 0.1479179412126541, 0.22150194644927979, 0.15637506544589996, 0.17229360342025757, 0.12827137112617493, 0.15931768715381622, 0.16192834079265594, 0.1730121374130249, 0.12442687898874283, 0.08442109078168869, 0.17692714929580688, 0.14945673942565918, 0.15393508970737457, 0.13999271392822266, 0.10505621880292892, 0.16584238409996033, 0.17729289829730988, 0.08604653924703598, 0.09295046329498291, 0.1361333280801773, 0.13062360882759094, 0.11493290960788727, 0.08133606612682343, 0.07820647954940796, 0.0741652175784111, 0.10921323299407959, 0.12808337807655334, 0.05118382349610329, 0.05610877275466919, 0.1074434295296669, 0.09503840655088425, 0.09606428444385529, 0.08007530122995377, 0.07488227635622025, 0.06010664626955986, 0.13891761004924774, 0.1021706834435463, 0.15674038231372833, 0.07350526005029678, 0.11755181849002838, 0.08716368675231934, 0.0534103699028492, 0.06055210158228874, 0.12630896270275116]
loss_y_test:[2.0822784900665283, 1.6211347579956055, 1.184837818145752, 0.9120223522186279, 0.7548545598983765, 0.648235559463501, 0.5825685262680054, 0.5201879143714905, 0.47117429971694946, 0.43643397092819214, 0.3949934244155884, 0.36748605966567993, 0.34564608335494995, 0.3295004367828369, 0.3114148676395416, 0.29204630851745605, 0.27919426560401917, 0.2747565805912018, 0.2536012530326843, 0.24375499784946442, 0.23681923747062683, 0.2287171632051468, 0.22010643780231476, 0.2095378041267395, 0.20525266230106354, 0.19862623512744904, 0.192037895321846, 0.19478897750377655, 0.1793411374092102, 0.1803130805492401, 0.16913697123527527, 0.1660548448562622, 0.16342036426067352, 0.15979880094528198, 0.15350191295146942, 0.15300524234771729, 0.14776307344436646, 0.14731617271900177, 0.14836227893829346, 0.13777059316635132, 0.13962161540985107, 0.13906724750995636, 0.13750940561294556, 0.13122394680976868, 0.13813701272010803, 0.1235770508646965, 0.12224940955638885, 0.11978167295455933, 0.1198260486125946, 0.1211964413523674, 0.11685817688703537, 0.11343557387590408, 0.1127120852470398, 0.11059250682592392, 0.10782751441001892, 0.10822182893753052, 0.10372458398342133, 0.1044764295220375, 0.10618670284748077, 0.10400396585464478, 0.10361499339342117, 0.10265645384788513, 0.10524039715528488, 0.0997081771492958, 0.10797658562660217, 0.09753503650426865, 0.09691709280014038, 0.09284469485282898, 0.08961502462625504, 0.09232047200202942, 0.09319224208593369, 0.09266765415668488, 0.08947330713272095, 0.08780258893966675, 0.09933573752641678, 0.09002275764942169, 0.08835667371749878, 0.0884728953242302, 0.08594594150781631, 0.08416461944580078]
accuracy_train:92.46666666666667
accuracy_test:97.53
duration:1572.7633197307587
