learning_rate:0.001
num_epochs:20
batch_size:400
loss_x:[49, 99, 149, 98, 198, 298, 147, 297, 447, 196, 396, 596, 245, 495, 745, 294, 594, 894, 343, 693, 1043, 392, 792, 1192, 441, 891, 1341, 490, 990, 1490, 539, 1089, 1639, 588, 1188, 1788, 637, 1287, 1937, 686, 1386, 2086, 735, 1485, 2235, 784, 1584, 2384, 833, 1683, 2533, 882, 1782, 2682, 931, 1881, 2831, 980, 1980, 2980]
loss_y:[0.3002469837665558, 0.12456164509057999, 0.1022719293832779, 0.1028374508023262, 0.11295720189809799, 0.08675475418567657, 0.088748037815094, 0.0842675119638443, 0.07041031122207642, 0.06877735257148743, 0.0522112213075161, 0.055060289800167084, 0.0828077420592308, 0.04527609050273895, 0.07718252390623093, 0.08535262942314148, 0.036214400082826614, 0.04130193591117859, 0.07411237806081772, 0.03779099881649017, 0.04699596017599106, 0.027073998004198074, 0.033775195479393005, 0.05013579502701759, 0.015807168558239937, 0.025902491062879562, 0.025939816609025, 0.04014379903674126, 0.0360526405274868, 0.032834913581609726, 0.027327867224812508, 0.02033202163875103, 0.010081828571856022, 0.04275042191147804, 0.019722353667020798, 0.019699962809681892, 0.023886142298579216, 0.018925460055470467, 0.014502481557428837, 0.010028972290456295, 0.010920158587396145, 0.021402722224593163, 0.01034656073898077, 0.0086826141923666, 0.02492336556315422, 0.020220423117280006, 0.005872792098671198, 0.014393044635653496, 0.008183655329048634, 0.007310799323022366, 0.00986530352383852, 0.0020648299250751734, 0.0014809673884883523, 0.002126916777342558, 0.007674592547118664, 0.00494415732100606, 0.012724153697490692, 0.004015438724309206, 0.015289507806301117, 0.01461124885827303]
loss_y_test:[0.26391923427581787, 0.16410574316978455, 0.12853369116783142, 0.11796634644269943, 0.10028301179409027, 0.08773103356361389, 0.07902272045612335, 0.0754677951335907, 0.06616764515638351, 0.07416269183158875, 0.06739925593137741, 0.06980683654546738, 0.06440502405166626, 0.0641498789191246, 0.06281187385320663, 0.06596186757087708, 0.06227295845746994, 0.05373366177082062, 0.0553293377161026, 0.05839170515537262, 0.05450117960572243, 0.06090826541185379, 0.055879440158605576, 0.059529803693294525, 0.05304977297782898, 0.054850608110427856, 0.058728016912937164, 0.054575275629758835, 0.04840802773833275, 0.06340271234512329, 0.057241324335336685, 0.05514004826545715, 0.058438777923583984, 0.05265139043331146, 0.05447961017489433, 0.05757802352309227, 0.053884655237197876, 0.05460543558001518, 0.05221957713365555, 0.06179548427462578, 0.05291289463639259, 0.060435257852077484, 0.054032355546951294, 0.052312374114990234, 0.07928555458784103, 0.059776220470666885, 0.054859161376953125, 0.05608318746089935, 0.05702609941363335, 0.05383971706032753, 0.05806295946240425, 0.054560910910367966, 0.05592775344848633, 0.05540585145354271, 0.05711429566144943, 0.05419839918613434, 0.058757152408361435, 0.06186657398939133, 0.06486545503139496, 0.05705977603793144]
accuracy_train:98.64583333333333
accuracy_test:98.56
duration:1509.7004661560059
