learning_rate:0.001
num_epochs:20
batch_size:300
loss_x:[49, 99, 149, 199, 98, 198, 298, 398, 147, 297, 447, 597, 196, 396, 596, 796, 245, 495, 745, 995, 294, 594, 894, 1194, 343, 693, 1043, 1393, 392, 792, 1192, 1592, 441, 891, 1341, 1791, 490, 990, 1490, 1990, 539, 1089, 1639, 2189, 588, 1188, 1788, 2388, 637, 1287, 1937, 2587, 686, 1386, 2086, 2786, 735, 1485, 2235, 2985, 784, 1584, 2384, 3184, 833, 1683, 2533, 3383, 882, 1782, 2682, 3582, 931, 1881, 2831, 3781, 980, 1980, 2980, 3980]
loss_y:[0.8829122185707092, 0.3811127543449402, 0.22708091139793396, 0.253614217042923, 0.1991938203573227, 0.09332889318466187, 0.13583001494407654, 0.1392037272453308, 0.13839659094810486, 0.0943894162774086, 0.08652473986148834, 0.06378249824047089, 0.058440111577510834, 0.05985226482152939, 0.06811008602380753, 0.0901084616780281, 0.04715549945831299, 0.06232897564768791, 0.039766568690538406, 0.04617592692375183, 0.07922257483005524, 0.07609390467405319, 0.023711133748292923, 0.03255853429436684, 0.023668641224503517, 0.08319926261901855, 0.06424304842948914, 0.03599441051483154, 0.06835837662220001, 0.042881280183792114, 0.07665270566940308, 0.07188647985458374, 0.06366714835166931, 0.036537427455186844, 0.03891655057668686, 0.0413903184235096, 0.04738951846957207, 0.06131379306316376, 0.042830076068639755, 0.05489977449178696, 0.031021595001220703, 0.067853644490242, 0.04586048051714897, 0.038692913949489594, 0.04097019135951996, 0.033226653933525085, 0.01806631311774254, 0.02721206285059452, 0.035884689539670944, 0.04159437492489815, 0.029347699135541916, 0.024295412003993988, 0.05983436107635498, 0.07069578021764755, 0.0370088592171669, 0.04217270389199257, 0.008005166426301003, 0.03237922489643097, 0.023943539708852768, 0.05596974119544029, 0.02973216399550438, 0.02019297145307064, 0.02545859105885029, 0.02380952052772045, 0.015634045004844666, 0.026976127177476883, 0.03888043016195297, 0.015981733798980713, 0.023492339998483658, 0.018700547516345978, 0.02039497159421444, 0.020516986027359962, 0.02995844930410385, 0.016858858987689018, 0.003384952899068594, 0.025736281648278236, 0.04926282912492752, 0.01648583821952343, 0.01613057218492031, 0.008976329118013382]
loss_y_test:[0.7618862986564636, 0.33163386583328247, 0.21754299104213715, 0.16707366704940796, 0.14704039692878723, 0.14442607760429382, 0.11726904660463333, 0.09858693927526474, 0.10448649525642395, 0.09156821668148041, 0.08182596415281296, 0.09457278996706009, 0.0767781063914299, 0.06983011960983276, 0.07842115312814713, 0.06303703039884567, 0.0620339959859848, 0.06561824679374695, 0.0598854124546051, 0.0663609430193901, 0.056125458329916, 0.06659609824419022, 0.05440107360482216, 0.060472775250673294, 0.04499893635511398, 0.05041446536779404, 0.05579162761569023, 0.059350427240133286, 0.04757769778370857, 0.05244193226099014, 0.04910947382450104, 0.05547364056110382, 0.0523400716483593, 0.04378446936607361, 0.054842766374349594, 0.042451661080121994, 0.06453854590654373, 0.05053588002920151, 0.04626011103391647, 0.04042210057377815, 0.04725125432014465, 0.05656776949763298, 0.03923296555876732, 0.04108365252614021, 0.04378778114914894, 0.06994855403900146, 0.04244241118431091, 0.040378183126449585, 0.03842758387327194, 0.0373680554330349, 0.035710424184799194, 0.05301762372255325, 0.03896882012486458, 0.042162951081991196, 0.03991091623902321, 0.043688882142305374, 0.04261001944541931, 0.034696631133556366, 0.04083845019340515, 0.03603004291653633, 0.04669122025370598, 0.03682304918766022, 0.03267471492290497, 0.03827887400984764, 0.03815746307373047, 0.03937839716672897, 0.037586454302072525, 0.03569228947162628, 0.047539371997117996, 0.0378747284412384, 0.035115521401166916, 0.03878813609480858, 0.06549155712127686, 0.03251372277736664, 0.03531462699174881, 0.0357772633433342, 0.03831750527024269, 0.036810629069805145, 0.03769894316792488, 0.03491271659731865]
accuracy_train:97.825
accuracy_test:98.86
duration:1720.3540980815887
