learning_rate:1e-05
num_epochs:20
batch_size:400
loss_x:[49, 99, 149, 98, 198, 298, 147, 297, 447, 196, 396, 596, 245, 495, 745, 294, 594, 894, 343, 693, 1043, 392, 792, 1192, 441, 891, 1341, 490, 990, 1490, 539, 1089, 1639, 588, 1188, 1788, 637, 1287, 1937, 686, 1386, 2086, 735, 1485, 2235, 784, 1584, 2384, 833, 1683, 2533, 882, 1782, 2682, 931, 1881, 2831, 980, 1980, 2980]
loss_y:[2.2727558612823486, 2.2291712760925293, 2.177424907684326, 2.1207563877105713, 2.079214096069336, 2.026909828186035, 1.9419996738433838, 1.8888087272644043, 1.827368974685669, 1.7442634105682373, 1.711796760559082, 1.6168690919876099, 1.4642895460128784, 1.4539750814437866, 1.34405517578125, 1.3229037523269653, 1.2077488899230957, 1.184337854385376, 1.1004295349121094, 1.0191388130187988, 1.011490821838379, 0.9515451192855835, 0.9252706170082092, 0.9006873369216919, 0.8716948628425598, 0.7806349992752075, 0.8131921887397766, 0.7460716962814331, 0.6833249926567078, 0.6473491191864014, 0.6724706292152405, 0.6385904550552368, 0.5619344115257263, 0.6033169031143188, 0.5498008131980896, 0.5459411144256592, 0.5479519367218018, 0.4879637062549591, 0.4874025583267212, 0.46515196561813354, 0.4526130259037018, 0.5257459878921509, 0.510414719581604, 0.4504479467868805, 0.4978489577770233, 0.4252188503742218, 0.38783037662506104, 0.4087597727775574, 0.39600273966789246, 0.36227333545684814, 0.3765804171562195, 0.35101109743118286, 0.32638847827911377, 0.36713698506355286, 0.3853674829006195, 0.33010929822921753, 0.32701706886291504, 0.31175902485847473, 0.3245519995689392, 0.39113980531692505]
loss_y_test:[2.2669992446899414, 2.2267026901245117, 2.181570529937744, 2.131645441055298, 2.0755531787872314, 2.0131304264068604, 1.9475153684616089, 1.8791700601577759, 1.8026494979858398, 1.7266381978988647, 1.6497188806533813, 1.5731712579727173, 1.4974191188812256, 1.4225091934204102, 1.348387598991394, 1.2786158323287964, 1.2112510204315186, 1.1486656665802002, 1.089273452758789, 1.032984972000122, 0.9810997247695923, 0.9332677721977234, 0.8883767127990723, 0.8474889993667603, 0.8084189891815186, 0.7730733752250671, 0.7399159073829651, 0.7088371515274048, 0.6784594058990479, 0.6522340178489685, 0.6274504065513611, 0.605061948299408, 0.5829483270645142, 0.5634368658065796, 0.5444799065589905, 0.5267269611358643, 0.5099273920059204, 0.49375587701797485, 0.4806990325450897, 0.465774804353714, 0.45218902826309204, 0.4402129352092743, 0.4286632537841797, 0.4170372486114502, 0.406524121761322, 0.3959428071975708, 0.3862631916999817, 0.37729519605636597, 0.36783507466316223, 0.3603033423423767, 0.3514522314071655, 0.34412914514541626, 0.3376060724258423, 0.33115342259407043, 0.32360759377479553, 0.31731024384498596, 0.3111567795276642, 0.30455517768859863, 0.29912054538726807, 0.2933657169342041]
accuracy_train:79.13333333333334
accuracy_test:93.05
duration:1573.754463672638
