learning_rate:0.0001
num_epochs:20
batch_size:400
loss_x:[49, 99, 149, 98, 198, 298, 147, 297, 447, 196, 396, 596, 245, 495, 745, 294, 594, 894, 343, 693, 1043, 392, 792, 1192, 441, 891, 1341, 490, 990, 1490, 539, 1089, 1639, 588, 1188, 1788, 637, 1287, 1937, 686, 1386, 2086, 735, 1485, 2235, 784, 1584, 2384, 833, 1683, 2533, 882, 1782, 2682, 931, 1881, 2831, 980, 1980, 2980]
loss_y:[1.7870450019836426, 1.0709034204483032, 0.5759267210960388, 0.5055808424949646, 0.326171338558197, 0.3565976023674011, 0.21995365619659424, 0.3119368553161621, 0.22556032240390778, 0.19525453448295593, 0.193059042096138, 0.13789162039756775, 0.18751691281795502, 0.1549716591835022, 0.11993405222892761, 0.16987310349941254, 0.2273150086402893, 0.1652841567993164, 0.13673841953277588, 0.21217244863510132, 0.10842013359069824, 0.12327985465526581, 0.12996749579906464, 0.13320308923721313, 0.1369401216506958, 0.11500835418701172, 0.13491585850715637, 0.13890403509140015, 0.080943763256073, 0.09939313679933548, 0.08897770196199417, 0.08488671481609344, 0.09947937726974487, 0.11157826334238052, 0.09648609161376953, 0.1000596210360527, 0.07666947692632675, 0.1047048270702362, 0.049359001219272614, 0.1055644229054451, 0.0645170658826828, 0.09701593220233917, 0.12935864925384521, 0.10554082691669464, 0.09600868076086044, 0.08435534685850143, 0.06607742607593536, 0.12196329981088638, 0.06776276230812073, 0.09921935945749283, 0.11226361989974976, 0.07297821342945099, 0.07332788407802582, 0.09772014617919922, 0.08258698135614395, 0.1103825643658638, 0.05478871986269951, 0.07519900053739548, 0.05191044881939888, 0.06883998215198517]
loss_y_test:[1.7634583711624146, 1.0164942741394043, 0.6157068610191345, 0.442891001701355, 0.35139861702919006, 0.29485148191452026, 0.2540101706981659, 0.23007738590240479, 0.21079929172992706, 0.19596059620380402, 0.18132475018501282, 0.1758684664964676, 0.16242624819278717, 0.15467578172683716, 0.1485907882452011, 0.1432136744260788, 0.13852353394031525, 0.13286393880844116, 0.12866413593292236, 0.12567844986915588, 0.1214471086859703, 0.1164620891213417, 0.11530937999486923, 0.11193431913852692, 0.10920554399490356, 0.1062227189540863, 0.10500002652406693, 0.1044517308473587, 0.1027466207742691, 0.1012296974658966, 0.09693752229213715, 0.09527972340583801, 0.09539872407913208, 0.09252385795116425, 0.09233259409666061, 0.09153671562671661, 0.09274893999099731, 0.08732679486274719, 0.09167258441448212, 0.08393155783414841, 0.0875834971666336, 0.08325691521167755, 0.08846909552812576, 0.08413758873939514, 0.08204368501901627, 0.0876506119966507, 0.07904421538114548, 0.0782470852136612, 0.07763518393039703, 0.07610231637954712, 0.08022280782461166, 0.07404615730047226, 0.07360909134149551, 0.07150831818580627, 0.07086346298456192, 0.07275910675525665, 0.07388735562562943, 0.07910189032554626, 0.0719580352306366, 0.07076509296894073]
accuracy_train:95.19583333333334
accuracy_test:97.8
duration:1610.2226326465607
