learning_rate:0.001
num_epochs:20
batch_size:300
loss_x:[49, 99, 149, 199, 98, 198, 298, 398, 147, 297, 447, 597, 196, 396, 596, 796, 245, 495, 745, 995, 294, 594, 894, 1194, 343, 693, 1043, 1393, 392, 792, 1192, 1592, 441, 891, 1341, 1791, 490, 990, 1490, 1990, 539, 1089, 1639, 2189, 588, 1188, 1788, 2388, 637, 1287, 1937, 2587, 686, 1386, 2086, 2786, 735, 1485, 2235, 2985, 784, 1584, 2384, 3184, 833, 1683, 2533, 3383, 882, 1782, 2682, 3582, 931, 1881, 2831, 3781, 980, 1980, 2980, 3980]
loss_y:[0.564140260219574, 0.33242034912109375, 0.17549490928649902, 0.11562871187925339, 0.16394604742527008, 0.09691338986158371, 0.15542183816432953, 0.09037531912326813, 0.09204914420843124, 0.12974004447460175, 0.09287425875663757, 0.12267162650823593, 0.09755899012088776, 0.07253806293010712, 0.09348204731941223, 0.0990404337644577, 0.08032632619142532, 0.045608099550008774, 0.05143985152244568, 0.08591806888580322, 0.06504836678504944, 0.06547781825065613, 0.10982814431190491, 0.06797563284635544, 0.038146331906318665, 0.054315708577632904, 0.04441173002123833, 0.06655509024858475, 0.10761987417936325, 0.08780383318662643, 0.02130953036248684, 0.03454561531543732, 0.044255658984184265, 0.026710515841841698, 0.07045141607522964, 0.060419484972953796, 0.13361163437366486, 0.028477642685174942, 0.02326563186943531, 0.05542082339525223, 0.026162998750805855, 0.05046055093407631, 0.03818519413471222, 0.025422638282179832, 0.050904132425785065, 0.019537877291440964, 0.01971370540559292, 0.030373578891158104, 0.053441163152456284, 0.045102156698703766, 0.058062195777893066, 0.027770938351750374, 0.0334630161523819, 0.06217493116855621, 0.0516887865960598, 0.025363938882946968, 0.03965487703680992, 0.00812687911093235, 0.02115815319120884, 0.023362817242741585, 0.06083684414625168, 0.013750985264778137, 0.02555467002093792, 0.005405094008892775, 0.00915475096553564, 0.020686587318778038, 0.01572960615158081, 0.017113424837589264, 0.003932596649974585, 0.014218786731362343, 0.013612632639706135, 0.03376397117972374, 0.02239067479968071, 0.00811263918876648, 0.004801347851753235, 0.05726681277155876, 0.03159019351005554, 0.027343880385160446, 0.009788727387785912, 0.02095787599682808]
loss_y_test:[0.5028428435325623, 0.3195692300796509, 0.18191511929035187, 0.1379563957452774, 0.12991642951965332, 0.12770527601242065, 0.11724448949098587, 0.09147489815950394, 0.10053457319736481, 0.09297449141740799, 0.08884519338607788, 0.09131469577550888, 0.08689767122268677, 0.08264193683862686, 0.09628867357969284, 0.07292346656322479, 0.06286942958831787, 0.07133461534976959, 0.06979142129421234, 0.07392272353172302, 0.06171482428908348, 0.06828468292951584, 0.07018613815307617, 0.06981028616428375, 0.05612403154373169, 0.059933606535196304, 0.06129734590649605, 0.057185254991054535, 0.07109453529119492, 0.06882346421480179, 0.05210493877530098, 0.052922531962394714, 0.05561418831348419, 0.04572653770446777, 0.05370762199163437, 0.06162978708744049, 0.04917818307876587, 0.055904798209667206, 0.057124149054288864, 0.050447072833776474, 0.055912524461746216, 0.04966511204838753, 0.042437247931957245, 0.04794221743941307, 0.0543983094394207, 0.05436595156788826, 0.05423134192824364, 0.04980254918336868, 0.07377858459949493, 0.04331832006573677, 0.04711045324802399, 0.054931607097387314, 0.04870891198515892, 0.046727802604436874, 0.0444021113216877, 0.04897025600075722, 0.04431898146867752, 0.04910017549991608, 0.04661363735795021, 0.04614069312810898, 0.05467889457941055, 0.044960688799619675, 0.04660177603363991, 0.05108525604009628, 0.04620545357465744, 0.04861031100153923, 0.04229437932372093, 0.049441829323768616, 0.045728325843811035, 0.04913710057735443, 0.04431729018688202, 0.04327797889709473, 0.051881417632102966, 0.04723891615867615, 0.05047309026122093, 0.05144994705915451, 0.050316207110881805, 0.046553488820791245, 0.05960487574338913, 0.051706988364458084]
accuracy_train:98.10833333333333
accuracy_test:98.51
duration:1745.885339975357
