learning_rate:0.001
num_epochs:20
batch_size:400
loss_x:[49, 99, 149, 98, 198, 298, 147, 297, 447, 196, 396, 596, 245, 495, 745, 294, 594, 894, 343, 693, 1043, 392, 792, 1192, 441, 891, 1341, 490, 990, 1490, 539, 1089, 1639, 588, 1188, 1788, 637, 1287, 1937, 686, 1386, 2086, 735, 1485, 2235, 784, 1584, 2384, 833, 1683, 2533, 882, 1782, 2682, 931, 1881, 2831, 980, 1980, 2980]
loss_y:[0.6006422638893127, 0.2721785306930542, 0.17952457070350647, 0.16586799919605255, 0.1400538980960846, 0.16064371168613434, 0.12881189584732056, 0.09431277215480804, 0.07586356997489929, 0.06708934158086777, 0.13335125148296356, 0.10427151620388031, 0.08166197687387466, 0.11358090490102768, 0.10077401250600815, 0.08203825354576111, 0.07098692655563354, 0.05086459964513779, 0.0653405636548996, 0.06057174131274223, 0.05799347907304764, 0.04565134644508362, 0.06229319050908089, 0.07095503807067871, 0.057204607874155045, 0.026960963383316994, 0.057267699390649796, 0.07586387544870377, 0.048704080283641815, 0.02883647009730339, 0.05060041323304176, 0.03782777488231659, 0.05340930074453354, 0.029534680768847466, 0.04902241751551628, 0.03425371274352074, 0.056964077055454254, 0.03377361595630646, 0.031221039593219757, 0.06497363746166229, 0.02966981567442417, 0.06482794880867004, 0.0481424443423748, 0.047351088374853134, 0.038541585206985474, 0.01884317211806774, 0.06390509009361267, 0.022701354697346687, 0.04310254752635956, 0.03935781493782997, 0.059052444994449615, 0.028079025447368622, 0.032076478004455566, 0.02131565846502781, 0.046451397240161896, 0.0184438768774271, 0.04005025327205658, 0.02017444185912609, 0.013159159570932388, 0.02899489924311638]
loss_y_test:[0.5794492363929749, 0.254836767911911, 0.17893539369106293, 0.1347671002149582, 0.1458638310432434, 0.10757457464933395, 0.09205447882413864, 0.08745305240154266, 0.11056696623563766, 0.0850672721862793, 0.08585795760154724, 0.0673469603061676, 0.06686636060476303, 0.06357650458812714, 0.06762213259935379, 0.06499870121479034, 0.059836938977241516, 0.06232372298836708, 0.06616957485675812, 0.06702437996864319, 0.05114579200744629, 0.06373956054449081, 0.058395981788635254, 0.060043562203645706, 0.05447927862405777, 0.052522312849760056, 0.08271251618862152, 0.050079748034477234, 0.06053968518972397, 0.05269898101687431, 0.04712487757205963, 0.05061797797679901, 0.04712089151144028, 0.0473887100815773, 0.042831726372241974, 0.04031047224998474, 0.047241345047950745, 0.045985642820596695, 0.04018563777208328, 0.053508028388023376, 0.055373888462781906, 0.04384376481175423, 0.04357313737273216, 0.04296625033020973, 0.03943366929888725, 0.05055798590183258, 0.04761438071727753, 0.04152381047606468, 0.045876644551754, 0.040487345308065414, 0.046739090234041214, 0.04897841811180115, 0.04339451342821121, 0.052324119955301285, 0.04491199925541878, 0.04033080115914345, 0.03798135742545128, 0.03683343529701233, 0.03906387463212013, 0.038610316812992096]
accuracy_train:97.61666666666666
accuracy_test:98.8
duration:1546.0881550312042
