learning_rate:0.0001
num_epochs:20
batch_size:400
loss_x:[49, 99, 149, 98, 198, 298, 147, 297, 447, 196, 396, 596, 245, 495, 745, 294, 594, 894, 343, 693, 1043, 392, 792, 1192, 441, 891, 1341, 490, 990, 1490, 539, 1089, 1639, 588, 1188, 1788, 637, 1287, 1937, 686, 1386, 2086, 735, 1485, 2235, 784, 1584, 2384, 833, 1683, 2533, 882, 1782, 2682, 931, 1881, 2831, 980, 1980, 2980]
loss_y:[2.176215171813965, 1.7557519674301147, 1.3162182569503784, 0.8915446400642395, 0.5925859212875366, 0.5373231768608093, 0.39811933040618896, 0.3572351932525635, 0.2736572027206421, 0.25085774064064026, 0.32115963101387024, 0.21326692402362823, 0.17665202915668488, 0.17992767691612244, 0.15336483716964722, 0.16943272948265076, 0.17390196025371552, 0.18629226088523865, 0.19052772223949432, 0.15658408403396606, 0.1509527713060379, 0.1146727204322815, 0.1513257473707199, 0.13469259440898895, 0.09808982908725739, 0.10979500412940979, 0.1308487206697464, 0.10683465003967285, 0.15411333739757538, 0.10305657237768173, 0.11712121963500977, 0.09391152113676071, 0.11733007431030273, 0.14547111093997955, 0.08298075944185257, 0.10719640552997589, 0.07836508005857468, 0.09030623733997345, 0.1267777979373932, 0.07801561057567596, 0.07803137600421906, 0.08610913902521133, 0.07983274757862091, 0.12442846596240997, 0.1041693389415741, 0.07764672487974167, 0.14061489701271057, 0.08819257467985153, 0.12220226973295212, 0.08116364479064941, 0.07165519148111343, 0.07914569228887558, 0.07075361907482147, 0.05763302370905876, 0.07817458361387253, 0.10234707593917847, 0.08798544853925705, 0.06571489572525024, 0.10650034248828888, 0.10615909844636917]
loss_y_test:[2.1529946327209473, 1.7176051139831543, 1.21894109249115, 0.8360293507575989, 0.6016131043434143, 0.4541894793510437, 0.3689626455307007, 0.31243762373924255, 0.2726450264453888, 0.24582719802856445, 0.2248823344707489, 0.211711585521698, 0.19137373566627502, 0.1816467046737671, 0.17010557651519775, 0.15997271239757538, 0.1570364087820053, 0.14619259536266327, 0.14156867563724518, 0.136664018034935, 0.132371187210083, 0.12874366343021393, 0.1206119954586029, 0.11927127093076706, 0.11574220657348633, 0.12148448079824448, 0.11292003840208054, 0.10907924920320511, 0.10823598504066467, 0.10517854988574982, 0.10210797935724258, 0.10138407349586487, 0.09823010116815567, 0.1021822988986969, 0.09432432055473328, 0.09663388133049011, 0.09282074123620987, 0.09160994738340378, 0.09286472946405411, 0.08703465759754181, 0.08569617569446564, 0.08654702454805374, 0.08176162093877792, 0.08275938779115677, 0.08090601116418839, 0.08168929070234299, 0.07983377575874329, 0.07855834811925888, 0.07867240160703659, 0.07781540602445602, 0.07690662145614624, 0.07768377661705017, 0.07765137404203415, 0.07473987340927124, 0.07471632212400436, 0.07758120447397232, 0.07482125610113144, 0.07504692673683167, 0.07268661260604858, 0.0729488655924797]
accuracy_train:93.12083333333334
accuracy_test:97.8
duration:1557.5963728427887
