learning_rate:1e-05
num_epochs:20
batch_size:300
loss_x:[49, 99, 149, 199, 98, 198, 298, 398, 147, 297, 447, 597, 196, 396, 596, 796, 245, 495, 745, 995, 294, 594, 894, 1194, 343, 693, 1043, 1393, 392, 792, 1192, 1592, 441, 891, 1341, 1791, 490, 990, 1490, 1990, 539, 1089, 1639, 2189, 588, 1188, 1788, 2388, 637, 1287, 1937, 2587, 686, 1386, 2086, 2786, 735, 1485, 2235, 2985, 784, 1584, 2384, 3184, 833, 1683, 2533, 3383, 882, 1782, 2682, 3582, 931, 1881, 2831, 3781, 980, 1980, 2980, 3980]
loss_y:[2.290959358215332, 2.280280590057373, 2.268024206161499, 2.236433982849121, 2.2263400554656982, 2.194967746734619, 2.168013572692871, 2.119225263595581, 2.078003168106079, 2.060014009475708, 1.95757257938385, 1.9376626014709473, 1.9167020320892334, 1.8023197650909424, 1.7915208339691162, 1.6773816347122192, 1.618326187133789, 1.5991015434265137, 1.5888466835021973, 1.534896969795227, 1.4381983280181885, 1.3862919807434082, 1.3115172386169434, 1.3050482273101807, 1.2542449235916138, 1.194645881652832, 1.2450536489486694, 1.15961492061615, 1.109184980392456, 1.1016054153442383, 1.0072720050811768, 0.9813122749328613, 0.9317371845245361, 0.969282865524292, 0.8999336957931519, 0.9367347359657288, 0.8096405267715454, 0.8291824460029602, 0.8243334889411926, 0.7376936078071594, 0.7765190005302429, 0.7882609367370605, 0.6415258049964905, 0.7046403884887695, 0.7048195600509644, 0.6602138876914978, 0.5981430411338806, 0.6564359664916992, 0.5657219886779785, 0.5823931097984314, 0.5945183634757996, 0.5441256761550903, 0.5844432711601257, 0.5182937383651733, 0.552075982093811, 0.4995505213737488, 0.5580681562423706, 0.5145153403282166, 0.5274035334587097, 0.46190255880355835, 0.5029577016830444, 0.4447195827960968, 0.4687204957008362, 0.4464312195777893, 0.45140552520751953, 0.5002387762069702, 0.468281090259552, 0.38544976711273193, 0.44062668085098267, 0.3713344931602478, 0.3947071135044098, 0.37905916571617126, 0.3576396703720093, 0.39127203822135925, 0.3451716899871826, 0.31726551055908203, 0.3001246750354767, 0.3350735604763031, 0.40959659218788147, 0.34029215574264526]
loss_y_test:[2.2933688163757324, 2.280116319656372, 2.2637338638305664, 2.2437312602996826, 2.2186546325683594, 2.189049482345581, 2.153909683227539, 2.1133532524108887, 2.0694820880889893, 2.0228307247161865, 1.973779320716858, 1.9224512577056885, 1.8707737922668457, 1.8195381164550781, 1.7667466402053833, 1.7141258716583252, 1.6604974269866943, 1.607958436012268, 1.5553792715072632, 1.5039418935775757, 1.4520827531814575, 1.4018281698226929, 1.3521023988723755, 1.3046196699142456, 1.2589924335479736, 1.2148709297180176, 1.1719379425048828, 1.130509614944458, 1.0916852951049805, 1.0536152124404907, 1.0169486999511719, 0.9820935726165771, 0.9488850831985474, 0.9179730415344238, 0.888075590133667, 0.8598307967185974, 0.8322251439094543, 0.8062362670898438, 0.7823042273521423, 0.7588951587677002, 0.7366716861724854, 0.7162312865257263, 0.6960196495056152, 0.6780121326446533, 0.6597335934638977, 0.642820417881012, 0.6256887912750244, 0.611118733882904, 0.5958801507949829, 0.5812541246414185, 0.5683079957962036, 0.5548403859138489, 0.5426177382469177, 0.5311617255210876, 0.5196220278739929, 0.5084895491600037, 0.49812138080596924, 0.4886215329170227, 0.4797983765602112, 0.47060272097587585, 0.4604746997356415, 0.45163601636886597, 0.44435763359069824, 0.43565255403518677, 0.42828547954559326, 0.4204427897930145, 0.41369667649269104, 0.4075204133987427, 0.4010359048843384, 0.39555856585502625, 0.38768884539604187, 0.381797730922699, 0.37611550092697144, 0.3701639771461487, 0.3642835319042206, 0.3598286807537079, 0.3543912470340729, 0.3496158719062805, 0.34415170550346375, 0.3407544195652008]
accuracy_train:77.30416666666666
accuracy_test:91.26
duration:1706.1959636211395
