learning_rate:0.001
num_epochs:20
batch_size:400
loss_x:[49, 99, 149, 98, 198, 298, 147, 297, 447, 196, 396, 596, 245, 495, 745, 294, 594, 894, 343, 693, 1043, 392, 792, 1192, 441, 891, 1341, 490, 990, 1490, 539, 1089, 1639, 588, 1188, 1788, 637, 1287, 1937, 686, 1386, 2086, 735, 1485, 2235, 784, 1584, 2384, 833, 1683, 2533, 882, 1782, 2682, 931, 1881, 2831, 980, 1980, 2980]
loss_y:[0.568867027759552, 0.3128354251384735, 0.23164671659469604, 0.14625965058803558, 0.15185599029064178, 0.12283679097890854, 0.12554322183132172, 0.156038299202919, 0.08289551734924316, 0.07393477112054825, 0.09903103858232498, 0.10872844606637955, 0.06297395378351212, 0.06483498215675354, 0.08769740909337997, 0.11800997704267502, 0.07496661692857742, 0.07445967197418213, 0.12448476999998093, 0.0942649394273758, 0.1108139306306839, 0.07846822589635849, 0.05223442241549492, 0.08929231017827988, 0.08021728694438934, 0.02180725894868374, 0.02247849851846695, 0.05082079395651817, 0.03714631870388985, 0.02972024492919445, 0.04567255824804306, 0.06367991119623184, 0.08798380196094513, 0.0526532307267189, 0.029216019436717033, 0.05234890058636665, 0.035865213721990585, 0.046422358602285385, 0.05721943825483322, 0.029779531061649323, 0.06358422338962555, 0.06546235829591751, 0.012326402589678764, 0.017216160893440247, 0.07312903553247452, 0.05226164683699608, 0.035796165466308594, 0.023259012028574944, 0.022436242550611496, 0.06082858145236969, 0.01606813073158264, 0.03840416297316551, 0.018421782180666924, 0.019638637080788612, 0.029088065028190613, 0.031308259814977646, 0.02650918997824192, 0.06939438730478287, 0.009156045503914356, 0.044213756918907166]
loss_y_test:[0.48513567447662354, 0.24638889729976654, 0.19154588878154755, 0.15791556239128113, 0.16014185547828674, 0.12420231103897095, 0.11511927843093872, 0.12771537899971008, 0.09799780696630478, 0.0980255976319313, 0.09147370606660843, 0.07924322783946991, 0.07818685472011566, 0.07268357276916504, 0.07719656080007553, 0.06959547847509384, 0.07008721679449081, 0.06532543152570724, 0.0648500844836235, 0.060982923954725266, 0.06696568429470062, 0.0687309056520462, 0.06741195172071457, 0.059446800500154495, 0.0659085288643837, 0.05432441085577011, 0.057458940893411636, 0.06123026832938194, 0.06531102955341339, 0.0532296858727932, 0.05383554473519325, 0.0527653731405735, 0.056796375662088394, 0.05795592442154884, 0.06977842003107071, 0.04291563108563423, 0.04719599708914757, 0.0435149222612381, 0.044666994363069534, 0.05203050747513771, 0.04131210222840309, 0.049199916422367096, 0.049309730529785156, 0.04586784914135933, 0.042361050844192505, 0.039270393550395966, 0.04070217162370682, 0.048229023814201355, 0.0400422178208828, 0.04026111215353012, 0.04012749344110489, 0.03862108290195465, 0.041477810591459274, 0.05147714540362358, 0.03936978429555893, 0.042470287531614304, 0.041818927973508835, 0.03901538625359535, 0.04060857370495796, 0.06018742173910141]
accuracy_train:97.54166666666667
accuracy_test:98.06
duration:1592.725427389145
