learning_rate:1e-05
num_epochs:20
batch_size:300
loss_x:[49, 99, 149, 199, 98, 198, 298, 398, 147, 297, 447, 597, 196, 396, 596, 796, 245, 495, 745, 995, 294, 594, 894, 1194, 343, 693, 1043, 1393, 392, 792, 1192, 1592, 441, 891, 1341, 1791, 490, 990, 1490, 1990, 539, 1089, 1639, 2189, 588, 1188, 1788, 2388, 637, 1287, 1937, 2587, 686, 1386, 2086, 2786, 735, 1485, 2235, 2985, 784, 1584, 2384, 3184, 833, 1683, 2533, 3383, 882, 1782, 2682, 3582, 931, 1881, 2831, 3781, 980, 1980, 2980, 3980]
loss_y:[2.2638962268829346, 2.2147109508514404, 2.172001838684082, 2.133775234222412, 2.0573487281799316, 2.0304951667785645, 1.9432395696640015, 1.824816107749939, 1.8068253993988037, 1.7015959024429321, 1.6067034006118774, 1.5760231018066406, 1.4348764419555664, 1.3585292100906372, 1.33147132396698, 1.2721956968307495, 1.1818100214004517, 1.1180739402770996, 1.079858422279358, 0.9717090129852295, 1.0001708269119263, 0.9130055904388428, 0.9002407789230347, 0.8353675603866577, 0.8131275177001953, 0.8250106573104858, 0.7823471426963806, 0.7405118942260742, 0.6435053944587708, 0.722183883190155, 0.586310863494873, 0.6948734521865845, 0.6008104681968689, 0.6320838928222656, 0.612334132194519, 0.627433180809021, 0.543977677822113, 0.4705415368080139, 0.527924656867981, 0.4578343331813812, 0.44469234347343445, 0.4926939904689789, 0.47476837038993835, 0.4816800057888031, 0.46216678619384766, 0.4179125428199768, 0.33843085169792175, 0.44230133295059204, 0.38303864002227783, 0.40680187940597534, 0.3388715088367462, 0.42338305711746216, 0.39575326442718506, 0.2792319059371948, 0.39373886585235596, 0.33663421869277954, 0.344694048166275, 0.30732858180999756, 0.31131789088249207, 0.31123819947242737, 0.25091293454170227, 0.230014368891716, 0.31512370705604553, 0.3451922535896301, 0.32059523463249207, 0.26166772842407227, 0.2548730671405792, 0.2540415823459625, 0.28946158289909363, 0.29835546016693115, 0.3175112307071686, 0.28092220425605774, 0.2335921674966812, 0.22838880121707916, 0.24119992554187775, 0.29438796639442444, 0.23091791570186615, 0.22931012511253357, 0.23884783685207367, 0.2570008635520935]
loss_y_test:[2.2670950889587402, 2.2240707874298096, 2.1754415035247803, 2.124560594558716, 2.066606283187866, 1.998703956604004, 1.9224777221679688, 1.844464659690857, 1.7638249397277832, 1.6814132928848267, 1.6018956899642944, 1.5252041816711426, 1.451816201210022, 1.3813738822937012, 1.3173365592956543, 1.2518867254257202, 1.1887662410736084, 1.1313042640686035, 1.0766725540161133, 1.024943470954895, 0.9768759608268738, 0.9320322871208191, 0.889489471912384, 0.8505604863166809, 0.8137955069541931, 0.7794792056083679, 0.7477720379829407, 0.7174281477928162, 0.6897768974304199, 0.6642336845397949, 0.6404284834861755, 0.618410050868988, 0.5978466272354126, 0.5766462087631226, 0.5589514970779419, 0.5427563786506653, 0.5241599082946777, 0.5086404085159302, 0.49291419982910156, 0.4795211851596832, 0.46523380279541016, 0.45280522108078003, 0.4404379725456238, 0.42997780442237854, 0.4166964590549469, 0.40642714500427246, 0.39567384123802185, 0.3873550593852997, 0.37662220001220703, 0.3694220185279846, 0.35980620980262756, 0.3518238365650177, 0.34468257427215576, 0.33691176772117615, 0.32976943254470825, 0.3235875368118286, 0.3168114125728607, 0.3122442066669464, 0.30529314279556274, 0.30210787057876587, 0.29442477226257324, 0.28956443071365356, 0.2851893901824951, 0.27964186668395996, 0.2752068042755127, 0.27093932032585144, 0.2664879262447357, 0.2635675370693207, 0.258951872587204, 0.25558778643608093, 0.2507164776325226, 0.2477596253156662, 0.24412183463573456, 0.24075056612491608, 0.23714971542358398, 0.2349468469619751, 0.23125900328159332, 0.22892023622989655, 0.22504740953445435, 0.22224780917167664]
accuracy_train:83.50833333333334
accuracy_test:94.25
duration:1742.6913619041443
