learning_rate:0.0001
num_epochs:20
batch_size:300
loss_x:[49, 99, 149, 199, 98, 198, 298, 398, 147, 297, 447, 597, 196, 396, 596, 796, 245, 495, 745, 995, 294, 594, 894, 1194, 343, 693, 1043, 1393, 392, 792, 1192, 1592, 441, 891, 1341, 1791, 490, 990, 1490, 1990, 539, 1089, 1639, 2189, 588, 1188, 1788, 2388, 637, 1287, 1937, 2587, 686, 1386, 2086, 2786, 735, 1485, 2235, 2985, 784, 1584, 2384, 3184, 833, 1683, 2533, 3383, 882, 1782, 2682, 3582, 931, 1881, 2831, 3781, 980, 1980, 2980, 3980]
loss_y:[2.245725631713867, 2.051543951034546, 1.6632167100906372, 1.296907901763916, 0.9462794065475464, 0.7478309869766235, 0.6341592073440552, 0.4819217920303345, 0.49217477440834045, 0.4109654426574707, 0.32681500911712646, 0.28573521971702576, 0.357407808303833, 0.2773776352405548, 0.24127942323684692, 0.33658745884895325, 0.27230754494667053, 0.21998870372772217, 0.2263641059398651, 0.19210386276245117, 0.22951583564281464, 0.1809942126274109, 0.17586591839790344, 0.22879427671432495, 0.16442716121673584, 0.17444132268428802, 0.2048048973083496, 0.19865642488002777, 0.16147954761981964, 0.16765247285366058, 0.15588587522506714, 0.15155960619449615, 0.15870864689350128, 0.14804019033908844, 0.24220679700374603, 0.13929271697998047, 0.19248664379119873, 0.16408467292785645, 0.15823237597942352, 0.185911625623703, 0.1663108915090561, 0.14215068519115448, 0.17396752536296844, 0.17234662175178528, 0.1673392951488495, 0.13285309076309204, 0.1625177264213562, 0.10169954597949982, 0.11590948700904846, 0.11223059147596359, 0.162738636136055, 0.1429544985294342, 0.1267763078212738, 0.11122573912143707, 0.07191145420074463, 0.14318080246448517, 0.11006422340869904, 0.10866864770650864, 0.15846270322799683, 0.1240602359175682, 0.11660293489694595, 0.14784963428974152, 0.08293706923723221, 0.08340281248092651, 0.0726851224899292, 0.10228798538446426, 0.08530447632074356, 0.09267275780439377, 0.08067676424980164, 0.1130564883351326, 0.0897192507982254, 0.12579390406608582, 0.08694557100534439, 0.11397199332714081, 0.07905604690313339, 0.07627076655626297, 0.1432768851518631, 0.09118521213531494, 0.10249900817871094, 0.07044447213411331]
loss_y_test:[2.2454299926757812, 2.060591220855713, 1.6865839958190918, 1.2616807222366333, 0.9255209565162659, 0.7195248007774353, 0.5856195688247681, 0.4987143278121948, 0.43717700242996216, 0.3907296657562256, 0.3507271707057953, 0.33070918917655945, 0.3004460036754608, 0.28265443444252014, 0.28116461634635925, 0.2550297975540161, 0.2377302199602127, 0.23202651739120483, 0.2171539068222046, 0.21443761885166168, 0.2053978443145752, 0.20910239219665527, 0.1941402107477188, 0.19081416726112366, 0.17836450040340424, 0.177128404378891, 0.17294429242610931, 0.1787109225988388, 0.16603896021842957, 0.16225527226924896, 0.1584583818912506, 0.15367276966571808, 0.15611033141613007, 0.146842360496521, 0.14590223133563995, 0.14466825127601624, 0.14693677425384521, 0.13906192779541016, 0.13338953256607056, 0.1393672674894333, 0.1291576325893402, 0.12869274616241455, 0.1264592409133911, 0.12988713383674622, 0.12451858818531036, 0.1223200336098671, 0.12918101251125336, 0.12298744916915894, 0.12022325396537781, 0.11785414814949036, 0.11674568802118301, 0.11622808128595352, 0.10918394476175308, 0.10943251103162766, 0.10703887790441513, 0.10975697636604309, 0.10854896903038025, 0.10451934486627579, 0.10500144958496094, 0.1011476069688797, 0.10636894404888153, 0.10192689299583435, 0.10045420378446579, 0.10720402002334595, 0.09898419678211212, 0.09830069541931152, 0.10177688300609589, 0.0947825163602829, 0.09387902170419693, 0.0940961167216301, 0.09085527062416077, 0.09542982280254364, 0.09184186160564423, 0.08863682299852371, 0.09209658950567245, 0.09232977032661438, 0.08611679822206497, 0.08934754878282547, 0.0890839472413063, 0.0838722363114357]
accuracy_train:92.575
accuracy_test:97.29
duration:1666.8003215789795
