learning_rate:0.0001
num_epochs:20
batch_size:300
loss_x:[49, 99, 149, 199, 98, 198, 298, 398, 147, 297, 447, 597, 196, 396, 596, 796, 245, 495, 745, 995, 294, 594, 894, 1194, 343, 693, 1043, 1393, 392, 792, 1192, 1592, 441, 891, 1341, 1791, 490, 990, 1490, 1990, 539, 1089, 1639, 2189, 588, 1188, 1788, 2388, 637, 1287, 1937, 2587, 686, 1386, 2086, 2786, 735, 1485, 2235, 2985, 784, 1584, 2384, 3184, 833, 1683, 2533, 3383, 882, 1782, 2682, 3582, 931, 1881, 2831, 3781, 980, 1980, 2980, 3980]
loss_y:[1.8576993942260742, 1.2715177536010742, 0.7812843918800354, 0.5306069254875183, 0.4062807857990265, 0.38207170367240906, 0.29493945837020874, 0.2730771005153656, 0.2727583348751068, 0.21376436948776245, 0.20045863091945648, 0.17859584093093872, 0.19453762471675873, 0.16422925889492035, 0.16624727845191956, 0.14525097608566284, 0.1060781329870224, 0.1347118765115738, 0.10522731393575668, 0.126079723238945, 0.16022652387619019, 0.10871602594852448, 0.17403635382652283, 0.13137851655483246, 0.17394603788852692, 0.0940672755241394, 0.15793412923812866, 0.1395133137702942, 0.10978059470653534, 0.1009705662727356, 0.10537546873092651, 0.09406724572181702, 0.06222609803080559, 0.0957302451133728, 0.12030015140771866, 0.10281788557767868, 0.1266678422689438, 0.11351826041936874, 0.10206691920757294, 0.11616123467683792, 0.1171092838048935, 0.1021590381860733, 0.06693095713853836, 0.08712686598300934, 0.08208398520946503, 0.06760714948177338, 0.07866132259368896, 0.11369937658309937, 0.08910395205020905, 0.09155087172985077, 0.13810816407203674, 0.056264039129018784, 0.10165226459503174, 0.10147738456726074, 0.07951191812753677, 0.03803044185042381, 0.1136174127459526, 0.10314423590898514, 0.14634542167186737, 0.08230003714561462, 0.06685587018728256, 0.0509243905544281, 0.08419586718082428, 0.09810799360275269, 0.04820900037884712, 0.11386637389659882, 0.08440543711185455, 0.06911750137805939, 0.05722655728459358, 0.08257119357585907, 0.05465834215283394, 0.02111760340631008, 0.03917070850729942, 0.06317536532878876, 0.08658894896507263, 0.09210778027772903, 0.0611332505941391, 0.058346010744571686, 0.06671591848134995, 0.06385865807533264]
loss_y_test:[1.8641356229782104, 1.2148778438568115, 0.7458049654960632, 0.5077090859413147, 0.39038386940956116, 0.31904682517051697, 0.27246397733688354, 0.24023020267486572, 0.2190759927034378, 0.19618095457553864, 0.1823025941848755, 0.1784137487411499, 0.1651817113161087, 0.1576158106327057, 0.1485365629196167, 0.1417754739522934, 0.13492423295974731, 0.132390558719635, 0.1343856155872345, 0.12334850430488586, 0.11905619502067566, 0.11842907220125198, 0.11600975692272186, 0.11069151014089584, 0.11478206515312195, 0.10761597007513046, 0.10076429694890976, 0.1005922332406044, 0.09799782931804657, 0.09402778744697571, 0.0999082401394844, 0.09131187200546265, 0.09629594534635544, 0.09714490920305252, 0.08817056566476822, 0.09013663977384567, 0.08634797483682632, 0.08458169549703598, 0.09328971058130264, 0.08050374686717987, 0.08410470932722092, 0.07817643880844116, 0.08052394539117813, 0.07618501037359238, 0.07426156848669052, 0.0772554948925972, 0.07618903368711472, 0.07360625267028809, 0.07425755262374878, 0.07350146025419235, 0.07704371213912964, 0.07152225077152252, 0.0694890022277832, 0.06663136184215546, 0.06945141404867172, 0.06667491048574448, 0.0687193050980568, 0.06805012375116348, 0.06438136100769043, 0.07279366254806519, 0.067860446870327, 0.07042859494686127, 0.07049573957920074, 0.0633496344089508, 0.06222638487815857, 0.06515182554721832, 0.06655833125114441, 0.0672067403793335, 0.061149660497903824, 0.06233302876353264, 0.06140448898077011, 0.06192389503121376, 0.059620101004838943, 0.06304305791854858, 0.06158118322491646, 0.05668695271015167, 0.05815698578953743, 0.06054217740893364, 0.05805432051420212, 0.06110456958413124]
accuracy_train:95.44583333333334
accuracy_test:97.94
duration:1804.065220117569
