learning_rate:1e-05
num_epochs:20
batch_size:400
loss_x:[49, 99, 149, 98, 198, 298, 147, 297, 447, 196, 396, 596, 245, 495, 745, 294, 594, 894, 343, 693, 1043, 392, 792, 1192, 441, 891, 1341, 490, 990, 1490, 539, 1089, 1639, 588, 1188, 1788, 637, 1287, 1937, 686, 1386, 2086, 735, 1485, 2235, 784, 1584, 2384, 833, 1683, 2533, 882, 1782, 2682, 931, 1881, 2831, 980, 1980, 2980]
loss_y:[2.3010506629943848, 2.2915406227111816, 2.2820043563842773, 2.268956422805786, 2.2571723461151123, 2.240177869796753, 2.220224618911743, 2.1954457759857178, 2.164257526397705, 2.1320955753326416, 2.085310459136963, 2.056666612625122, 1.9787412881851196, 1.9424117803573608, 1.8519713878631592, 1.7986464500427246, 1.7512845993041992, 1.6870298385620117, 1.5917134284973145, 1.5047117471694946, 1.4469828605651855, 1.3940130472183228, 1.3566659688949585, 1.2714391946792603, 1.263943076133728, 1.1609046459197998, 1.1092807054519653, 1.0950584411621094, 1.1193121671676636, 1.0154651403427124, 0.993034303188324, 0.9062334299087524, 0.8851355910301208, 0.8905946612358093, 0.8459156155586243, 0.781052827835083, 0.8027450442314148, 0.7609705328941345, 0.7061429023742676, 0.7562096118927002, 0.6823261976242065, 0.615910530090332, 0.6361474394798279, 0.6065191030502319, 0.5926083326339722, 0.5925387740135193, 0.48529696464538574, 0.5686514973640442, 0.46644893288612366, 0.5002338290214539, 0.5602048635482788, 0.5432072281837463, 0.4874754250049591, 0.5048052072525024, 0.46734344959259033, 0.4708017408847809, 0.4496714472770691, 0.3915693163871765, 0.42094412446022034, 0.4259193539619446]
loss_y_test:[2.2957053184509277, 2.2885196208953857, 2.2802371978759766, 2.26949143409729, 2.25563907623291, 2.239315986633301, 2.2186269760131836, 2.1931955814361572, 2.163771629333496, 2.1295714378356934, 2.0872631072998047, 2.0393264293670654, 1.9870376586914062, 1.9302374124526978, 1.8688653707504272, 1.804237961769104, 1.7359472513198853, 1.6662794351577759, 1.5955934524536133, 1.5258694887161255, 1.4576246738433838, 1.391117811203003, 1.3280612230300903, 1.268229365348816, 1.2103686332702637, 1.154792070388794, 1.1031970977783203, 1.0546355247497559, 1.0089879035949707, 0.9662637114524841, 0.9261415004730225, 0.8885762095451355, 0.852949857711792, 0.8191648721694946, 0.7881981730461121, 0.7586124539375305, 0.7312024831771851, 0.7054724097251892, 0.6815564632415771, 0.658464789390564, 0.6369186639785767, 0.6168445348739624, 0.5978668928146362, 0.57915860414505, 0.5629352331161499, 0.5462130904197693, 0.5309484004974365, 0.5162485241889954, 0.5022886991500854, 0.4892793893814087, 0.47667449712753296, 0.4644750654697418, 0.45307692885398865, 0.44234633445739746, 0.4316951632499695, 0.4218822121620178, 0.4135954678058624, 0.40342235565185547, 0.3951205313205719, 0.3866419494152069]
accuracy_train:72.975
accuracy_test:91.0
duration:1524.3642528057098
