learning_rate:0.0001
num_epochs:20
batch_size:300
loss_x:[49, 99, 149, 199, 98, 198, 298, 398, 147, 297, 447, 597, 196, 396, 596, 796, 245, 495, 745, 995, 294, 594, 894, 1194, 343, 693, 1043, 1393, 392, 792, 1192, 1592, 441, 891, 1341, 1791, 490, 990, 1490, 1990, 539, 1089, 1639, 2189, 588, 1188, 1788, 2388, 637, 1287, 1937, 2587, 686, 1386, 2086, 2786, 735, 1485, 2235, 2985, 784, 1584, 2384, 3184, 833, 1683, 2533, 3383, 882, 1782, 2682, 3582, 931, 1881, 2831, 3781, 980, 1980, 2980, 3980]
loss_y:[1.0930290222167969, 0.4703703820705414, 0.34509730339050293, 0.24706962704658508, 0.26694613695144653, 0.1666213870048523, 0.23551416397094727, 0.17487433552742004, 0.1653149127960205, 0.19749604165554047, 0.13671717047691345, 0.15846754610538483, 0.08362782746553421, 0.11316094547510147, 0.10860788077116013, 0.10297619551420212, 0.08718027919530869, 0.09810202568769455, 0.13313187658786774, 0.10535075515508652, 0.09358958154916763, 0.14283791184425354, 0.07272656261920929, 0.05442405864596367, 0.08203413337469101, 0.040184136480093, 0.074972003698349, 0.13333439826965332, 0.06003940477967262, 0.0795629546046257, 0.08954218029975891, 0.10534224659204483, 0.043698541820049286, 0.04474206268787384, 0.10746927559375763, 0.031317852437496185, 0.04353371635079384, 0.04314356669783592, 0.0403340719640255, 0.036432672291994095, 0.024851065129041672, 0.027653928846120834, 0.03866032883524895, 0.043553199619054794, 0.03188316151499748, 0.06696572154760361, 0.02147633023560047, 0.05664576217532158, 0.06091848388314247, 0.027563082054257393, 0.05970451980829239, 0.028013180941343307, 0.024844152852892876, 0.037849556654691696, 0.03165772929787636, 0.0471254400908947, 0.023197578266263008, 0.045235469937324524, 0.0347517766058445, 0.04194555804133415, 0.027321698144078255, 0.03044901229441166, 0.02791028656065464, 0.06770501285791397, 0.017710572108626366, 0.017923597246408463, 0.012175220996141434, 0.043817032128572464, 0.03414159268140793, 0.015273580327630043, 0.0371864028275013, 0.037250369787216187, 0.03753497079014778, 0.01713884249329567, 0.018225714564323425, 0.05917136371135712, 0.014152160845696926, 0.03543994203209877, 0.008914131671190262, 0.028759686276316643]
loss_y_test:[1.1093995571136475, 0.514666736125946, 0.35393452644348145, 0.2780529260635376, 0.23882316052913666, 0.204631045460701, 0.18095779418945312, 0.16442809998989105, 0.1514180302619934, 0.13794295489788055, 0.12998399138450623, 0.11828732490539551, 0.11337434500455856, 0.10772348940372467, 0.10127823054790497, 0.0980043113231659, 0.09285730123519897, 0.09138183295726776, 0.08762255311012268, 0.08116608113050461, 0.07870174944400787, 0.07660755515098572, 0.07563383132219315, 0.07339832186698914, 0.07179846614599228, 0.07125052809715271, 0.0712006539106369, 0.0683840960264206, 0.06292480230331421, 0.06622566282749176, 0.06500660628080368, 0.06338758021593094, 0.059796761721372604, 0.060414742678403854, 0.0624990239739418, 0.05795440822839737, 0.05751965567469597, 0.057363856583833694, 0.05693627893924713, 0.05344575271010399, 0.05448480695486069, 0.057949066162109375, 0.05234691500663757, 0.055849939584732056, 0.05260524898767471, 0.053103044629096985, 0.05207735300064087, 0.05394509807229042, 0.05070808529853821, 0.05158380791544914, 0.05349414050579071, 0.048775751143693924, 0.052669283002614975, 0.050402116030454636, 0.04849325865507126, 0.049910347908735275, 0.04892239347100258, 0.04552999138832092, 0.04936348274350166, 0.047561969608068466, 0.04979535937309265, 0.047419335693120956, 0.04712381958961487, 0.049077995121479034, 0.04651369899511337, 0.04893680289387703, 0.048697780817747116, 0.046355828642845154, 0.04462750628590584, 0.045777443796396255, 0.04602554813027382, 0.04446086287498474, 0.04451671987771988, 0.044700928032398224, 0.045230280607938766, 0.04575377330183983, 0.04370522126555443, 0.04323235899209976, 0.04429274797439575, 0.04528434947133064]
accuracy_train:97.51666666666667
accuracy_test:98.42
duration:1246.5919406414032
