learning_rate:0.0001
num_epochs:20
batch_size:400
loss_x:[49, 99, 149, 98, 198, 298, 147, 297, 447, 196, 396, 596, 245, 495, 745, 294, 594, 894, 343, 693, 1043, 392, 792, 1192, 441, 891, 1341, 490, 990, 1490, 539, 1089, 1639, 588, 1188, 1788, 637, 1287, 1937, 686, 1386, 2086, 735, 1485, 2235, 784, 1584, 2384, 833, 1683, 2533, 882, 1782, 2682, 931, 1881, 2831, 980, 1980, 2980]
loss_y:[0.8606600165367126, 0.4501170217990875, 0.3544037640094757, 0.2856822907924652, 0.2507513463497162, 0.23216676712036133, 0.23179535567760468, 0.1832142323255539, 0.13939335942268372, 0.17231935262680054, 0.132009357213974, 0.0991097167134285, 0.07196372747421265, 0.11856479942798615, 0.10004701465368271, 0.09740176796913147, 0.08025775104761124, 0.11269957572221756, 0.1121043711900711, 0.07119499146938324, 0.08988478034734726, 0.03995690494775772, 0.05641035735607147, 0.08439075201749802, 0.049339186400175095, 0.058812957257032394, 0.07703416794538498, 0.041170574724674225, 0.06749609112739563, 0.043806418776512146, 0.04538463056087494, 0.075487419962883, 0.03539953753352165, 0.03864685073494911, 0.051226451992988586, 0.03064740262925625, 0.03928546980023384, 0.05113634094595909, 0.03715238720178604, 0.029602613300085068, 0.022808682173490524, 0.03167489171028137, 0.039636243134737015, 0.03876943141222, 0.08005371689796448, 0.0389060415327549, 0.01881095953285694, 0.0168264489620924, 0.02691418118774891, 0.01867588795721531, 0.04102311655879021, 0.02321026846766472, 0.029952969402074814, 0.04935361444950104, 0.01193177793174982, 0.04301457852125168, 0.023556197062134743, 0.024601459503173828, 0.016673944890499115, 0.02439022995531559]
loss_y_test:[0.834866464138031, 0.4237379729747772, 0.31923335790634155, 0.2604961693286896, 0.23336437344551086, 0.20793293416500092, 0.18527670204639435, 0.16980069875717163, 0.1548028588294983, 0.1440611332654953, 0.13414216041564941, 0.12592703104019165, 0.11583252251148224, 0.11132918298244476, 0.10453285276889801, 0.09860756993293762, 0.09447037428617477, 0.08817891776561737, 0.08671669661998749, 0.07991388440132141, 0.0779694989323616, 0.07602713257074356, 0.07167869806289673, 0.06944646686315536, 0.06867799162864685, 0.06861735880374908, 0.06284426897764206, 0.06111470237374306, 0.060931965708732605, 0.05984267219901085, 0.05916426703333855, 0.05831662565469742, 0.05539318546652794, 0.055366162210702896, 0.05764414370059967, 0.05395152419805527, 0.05516438186168671, 0.05260267108678818, 0.05489565432071686, 0.05291353538632393, 0.052406877279281616, 0.050198521465063095, 0.04900539293885231, 0.0497610904276371, 0.05012642219662666, 0.04938294366002083, 0.05139167234301567, 0.051907796412706375, 0.04720586910843849, 0.04821537435054779, 0.04563510790467262, 0.04726576805114746, 0.048300113528966904, 0.045517243444919586, 0.046458810567855835, 0.04651623219251633, 0.04835005849599838, 0.04527735337615013, 0.04361731931567192, 0.04575075954198837]
accuracy_train:97.35
accuracy_test:98.48
duration:1202.3190879821777
