learning_rate:0.0001
num_epochs:20
batch_size:400
loss_x:[49, 99, 149, 98, 198, 298, 147, 297, 447, 196, 396, 596, 245, 495, 745, 294, 594, 894, 343, 693, 1043, 392, 792, 1192, 441, 891, 1341, 490, 990, 1490, 539, 1089, 1639, 588, 1188, 1788, 637, 1287, 1937, 686, 1386, 2086, 735, 1485, 2235, 784, 1584, 2384, 833, 1683, 2533, 882, 1782, 2682, 931, 1881, 2831, 980, 1980, 2980]
loss_y:[2.111342191696167, 1.649532675743103, 1.1041432619094849, 0.7690930366516113, 0.5334632992744446, 0.5125897526741028, 0.4089187979698181, 0.4013780355453491, 0.42869850993156433, 0.32413315773010254, 0.2832236588001251, 0.33394986391067505, 0.26528406143188477, 0.316468745470047, 0.24121181666851044, 0.2512136697769165, 0.2604007124900818, 0.24989940226078033, 0.23573873937129974, 0.22532062232494354, 0.2910035252571106, 0.20657627284526825, 0.23016250133514404, 0.21870490908622742, 0.1972460150718689, 0.21461723744869232, 0.2201249748468399, 0.18575137853622437, 0.18305636942386627, 0.10635516047477722, 0.14369745552539825, 0.14543317258358002, 0.1422131359577179, 0.15511511266231537, 0.24134500324726105, 0.1234978586435318, 0.15586397051811218, 0.22729739546775818, 0.15232759714126587, 0.08195678889751434, 0.2089543491601944, 0.08540954440832138, 0.13069041073322296, 0.12850911915302277, 0.11811444908380508, 0.19957269728183746, 0.07611185312271118, 0.1508568972349167, 0.09286858886480331, 0.10345323383808136, 0.1408795714378357, 0.10284867137670517, 0.1316257119178772, 0.11869196593761444, 0.120537668466568, 0.12278714776039124, 0.08973179012537003, 0.086555615067482, 0.12451109290122986, 0.08262640982866287]
loss_y_test:[2.1000020503997803, 1.6273493766784668, 1.0784565210342407, 0.7431818246841431, 0.5698494911193848, 0.4701845645904541, 0.41388726234436035, 0.37294402718544006, 0.3458213806152344, 0.32845744490623474, 0.31266623735427856, 0.29658690094947815, 0.28004083037376404, 0.27489209175109863, 0.26497727632522583, 0.2541747987270355, 0.2471320778131485, 0.23802818357944489, 0.2287168949842453, 0.2224600464105606, 0.21779575943946838, 0.21078163385391235, 0.20777077972888947, 0.1986120194196701, 0.19486695528030396, 0.18985816836357117, 0.18563535809516907, 0.18837903439998627, 0.18084903061389923, 0.175690695643425, 0.17009849846363068, 0.16747194528579712, 0.16669076681137085, 0.16163478791713715, 0.15984636545181274, 0.1608313024044037, 0.15167810022830963, 0.15196047723293304, 0.1497483253479004, 0.14257344603538513, 0.14356067776679993, 0.14283372461795807, 0.1360122561454773, 0.1371595710515976, 0.1310657113790512, 0.1285405308008194, 0.1267913281917572, 0.12484666705131531, 0.12408960610628128, 0.12321785092353821, 0.1234491765499115, 0.11813844740390778, 0.1186492070555687, 0.1178692877292633, 0.114266537129879, 0.11288470029830933, 0.11214698106050491, 0.11091402173042297, 0.10727695375680923, 0.10763441026210785]
accuracy_train:92.64583333333333
accuracy_test:96.66
duration:1167.6135590076447
