learning_rate:1e-05
num_epochs:20
batch_size:300
loss_x:[49, 99, 149, 199, 98, 198, 298, 398, 147, 297, 447, 597, 196, 396, 596, 796, 245, 495, 745, 995, 294, 594, 894, 1194, 343, 693, 1043, 1393, 392, 792, 1192, 1592, 441, 891, 1341, 1791, 490, 990, 1490, 1990, 539, 1089, 1639, 2189, 588, 1188, 1788, 2388, 637, 1287, 1937, 2587, 686, 1386, 2086, 2786, 735, 1485, 2235, 2985, 784, 1584, 2384, 3184, 833, 1683, 2533, 3383, 882, 1782, 2682, 3582, 931, 1881, 2831, 3781, 980, 1980, 2980, 3980]
loss_y:[2.185910940170288, 2.049598455429077, 1.8704793453216553, 1.7104759216308594, 1.5612162351608276, 1.378188133239746, 1.2527202367782593, 1.162395715713501, 1.0636310577392578, 0.9138396978378296, 0.8719442486763, 0.8246234059333801, 0.7423672080039978, 0.684903621673584, 0.6520704627037048, 0.5507645010948181, 0.6364598274230957, 0.5192301273345947, 0.5683581233024597, 0.49599623680114746, 0.4463122487068176, 0.48174163699150085, 0.5168741941452026, 0.4268871545791626, 0.42539796233177185, 0.33224737644195557, 0.39483025670051575, 0.33842557668685913, 0.39323094487190247, 0.36185914278030396, 0.3375869691371918, 0.37896832823753357, 0.3113650679588318, 0.29546648263931274, 0.3875904381275177, 0.37185442447662354, 0.3234562575817108, 0.30069082975387573, 0.3445638418197632, 0.3245484530925751, 0.2899234890937805, 0.31077253818511963, 0.24309349060058594, 0.35568374395370483, 0.24714846909046173, 0.21699337661266327, 0.2899302542209625, 0.2560378909111023, 0.2937714755535126, 0.25743287801742554, 0.2451275885105133, 0.26066118478775024, 0.2156187891960144, 0.23829399049282074, 0.2604748606681824, 0.2458585649728775, 0.19188512861728668, 0.3295538127422333, 0.3473469316959381, 0.22439539432525635, 0.3403240740299225, 0.21956127882003784, 0.23378542065620422, 0.2638457417488098, 0.26534950733184814, 0.20189064741134644, 0.2872367799282074, 0.23048309981822968, 0.2168484777212143, 0.25038182735443115, 0.23286931216716766, 0.1662624180316925, 0.24206431210041046, 0.26155462861061096, 0.2438155561685562, 0.23434844613075256, 0.1674538105726242, 0.20548869669437408, 0.15862669050693512, 0.22113169729709625]
loss_y_test:[2.19062876701355, 2.0373520851135254, 1.8667148351669312, 1.6955333948135376, 1.5329251289367676, 1.3843719959259033, 1.250738501548767, 1.1314172744750977, 1.0262936353683472, 0.936086893081665, 0.8587574362754822, 0.7927989363670349, 0.735807478427887, 0.6863676905632019, 0.6437728404998779, 0.6059101819992065, 0.5732170343399048, 0.5436129570007324, 0.5180563926696777, 0.49518176913261414, 0.47483792901039124, 0.4571586549282074, 0.441730260848999, 0.426277220249176, 0.4133579730987549, 0.4010661840438843, 0.3906605541706085, 0.3800073266029358, 0.3711742162704468, 0.3628823161125183, 0.35455071926116943, 0.34641650319099426, 0.3390231132507324, 0.33476004004478455, 0.3263552188873291, 0.32212376594543457, 0.3163931369781494, 0.31007838249206543, 0.3055098056793213, 0.30088403820991516, 0.2964843213558197, 0.2934119701385498, 0.2884323000907898, 0.2843976318836212, 0.28079676628112793, 0.27671360969543457, 0.2742602527141571, 0.2706161141395569, 0.2664807140827179, 0.26369065046310425, 0.260758638381958, 0.25743043422698975, 0.255348265171051, 0.2527558505535126, 0.24975350499153137, 0.24661347270011902, 0.24558782577514648, 0.24264761805534363, 0.24047508835792542, 0.23730628192424774, 0.23549963533878326, 0.23331980407238007, 0.23173096776008606, 0.2293267697095871, 0.22734519839286804, 0.2254762351512909, 0.2235928475856781, 0.22122396528720856, 0.2196614146232605, 0.21873614192008972, 0.21577002108097076, 0.2146531194448471, 0.2130051553249359, 0.21137194335460663, 0.20895175635814667, 0.2075125128030777, 0.20616236329078674, 0.20525573194026947, 0.20272330939769745, 0.20143111050128937]
accuracy_train:88.57083333333334
accuracy_test:94.31
duration:1272.9177520275116
