learning_rate:1e-05
num_epochs:20
batch_size:400
loss_x:[49, 99, 149, 98, 198, 298, 147, 297, 447, 196, 396, 596, 245, 495, 745, 294, 594, 894, 343, 693, 1043, 392, 792, 1192, 441, 891, 1341, 490, 990, 1490, 539, 1089, 1639, 588, 1188, 1788, 637, 1287, 1937, 686, 1386, 2086, 735, 1485, 2235, 784, 1584, 2384, 833, 1683, 2533, 882, 1782, 2682, 931, 1881, 2831, 980, 1980, 2980]
loss_y:[2.0121476650238037, 1.6800110340118408, 1.434157133102417, 1.2118239402770996, 1.046601414680481, 0.8900249004364014, 0.8049839735031128, 0.7669528722763062, 0.6812741756439209, 0.6151891350746155, 0.5104261636734009, 0.5767614841461182, 0.5121769309043884, 0.47576063871383667, 0.43124908208847046, 0.4527391195297241, 0.39791956543922424, 0.4044189751148224, 0.3844417333602905, 0.3471997380256653, 0.36077508330345154, 0.32012131810188293, 0.3575112521648407, 0.3171156644821167, 0.32881176471710205, 0.30677878856658936, 0.30292555689811707, 0.28418973088264465, 0.31231871247291565, 0.28873133659362793, 0.300438791513443, 0.26299870014190674, 0.2349453866481781, 0.28191202878952026, 0.2967032194137573, 0.24297715723514557, 0.2391265332698822, 0.24189695715904236, 0.2455483078956604, 0.24299702048301697, 0.2801330089569092, 0.20649480819702148, 0.21471472084522247, 0.19307559728622437, 0.23266710340976715, 0.24201548099517822, 0.21100002527236938, 0.22572597861289978, 0.20264674723148346, 0.20385897159576416, 0.20220355689525604, 0.19755282998085022, 0.1561112254858017, 0.20482785999774933, 0.22914014756679535, 0.20353984832763672, 0.19766297936439514, 0.18208372592926025, 0.17820453643798828, 0.18472379446029663]
loss_y_test:[1.9984145164489746, 1.690641164779663, 1.4241294860839844, 1.2073783874511719, 1.0352028608322144, 0.9022442102432251, 0.7962673902511597, 0.712597668170929, 0.6447516083717346, 0.590828001499176, 0.5449541807174683, 0.5080996155738831, 0.4764690101146698, 0.4513300657272339, 0.42939457297325134, 0.40974482893943787, 0.39383453130722046, 0.3775937557220459, 0.3647988438606262, 0.3524227440357208, 0.3414088189601898, 0.33200210332870483, 0.3233054280281067, 0.3138451874256134, 0.30617955327033997, 0.29844751954078674, 0.2929990589618683, 0.28697001934051514, 0.2800964415073395, 0.27465537190437317, 0.26918306946754456, 0.26478293538093567, 0.2595881223678589, 0.2551250755786896, 0.2502240240573883, 0.24562066793441772, 0.2420254945755005, 0.2374507188796997, 0.23366278409957886, 0.23002447187900543, 0.2265959233045578, 0.22409266233444214, 0.2210000604391098, 0.21687331795692444, 0.21459999680519104, 0.21183668076992035, 0.20883464813232422, 0.20573799312114716, 0.20396341383457184, 0.20061616599559784, 0.19768501818180084, 0.19666016101837158, 0.1931990385055542, 0.1908074915409088, 0.18833927810192108, 0.18665635585784912, 0.18551687896251678, 0.18212126195430756, 0.18041697144508362, 0.17849914729595184]
accuracy_train:90.05416666666666
accuracy_test:95.03
duration:1225.9814932346344
