learning_rate:1e-05
num_epochs:20
batch_size:300
loss_x:[49, 99, 149, 199, 98, 198, 298, 398, 147, 297, 447, 597, 196, 396, 596, 796, 245, 495, 745, 995, 294, 594, 894, 1194, 343, 693, 1043, 1393, 392, 792, 1192, 1592, 441, 891, 1341, 1791, 490, 990, 1490, 1990, 539, 1089, 1639, 2189, 588, 1188, 1788, 2388, 637, 1287, 1937, 2587, 686, 1386, 2086, 2786, 735, 1485, 2235, 2985, 784, 1584, 2384, 3184, 833, 1683, 2533, 3383, 882, 1782, 2682, 3582, 931, 1881, 2831, 3781, 980, 1980, 2980, 3980]
loss_y:[2.27750301361084, 2.2310681343078613, 2.197381019592285, 2.1288435459136963, 2.0748274326324463, 2.007044553756714, 1.9356470108032227, 1.861003041267395, 1.7708653211593628, 1.6931138038635254, 1.602317214012146, 1.490557312965393, 1.4073983430862427, 1.3113809823989868, 1.256579041481018, 1.2214255332946777, 1.064640998840332, 1.018137812614441, 0.9131307005882263, 0.9211782813072205, 0.8564159870147705, 0.7586709856987, 0.7398288249969482, 0.7429572343826294, 0.711739182472229, 0.6446954011917114, 0.6316920518875122, 0.6502496600151062, 0.6406159400939941, 0.5732600092887878, 0.5224004983901978, 0.5209340453147888, 0.5520789623260498, 0.4637675881385803, 0.48965972661972046, 0.490297794342041, 0.4595154821872711, 0.467433363199234, 0.423247367143631, 0.4797322154045105, 0.37347766757011414, 0.42716044187545776, 0.4089820683002472, 0.4014325439929962, 0.3643748462200165, 0.3491695523262024, 0.36720114946365356, 0.40153321623802185, 0.303756982088089, 0.40565139055252075, 0.40624356269836426, 0.3875555098056793, 0.3850816488265991, 0.3854604661464691, 0.362990140914917, 0.3255751132965088, 0.28229695558547974, 0.3605646789073944, 0.27804654836654663, 0.30141422152519226, 0.35496264696121216, 0.29161885380744934, 0.3428539037704468, 0.4051683843135834, 0.324902206659317, 0.29742738604545593, 0.2634130120277405, 0.3516887426376343, 0.27145543694496155, 0.2909422516822815, 0.29111891984939575, 0.24761171638965607, 0.22818638384342194, 0.2594020962715149, 0.304396390914917, 0.24672655761241913, 0.29029834270477295, 0.32150694727897644, 0.23185664415359497, 0.3091386556625366]
loss_y_test:[2.2730486392974854, 2.2348220348358154, 2.1903531551361084, 2.1374599933624268, 2.075901985168457, 2.00628662109375, 1.9293861389160156, 1.8466922044754028, 1.7588646411895752, 1.6668862104415894, 1.570181965827942, 1.4744731187820435, 1.3800153732299805, 1.2899808883666992, 1.2054656744003296, 1.1277720928192139, 1.0563935041427612, 0.9906606078147888, 0.9315569400787354, 0.8780952095985413, 0.8303837776184082, 0.7875962257385254, 0.7487382292747498, 0.7138016223907471, 0.6821605563163757, 0.653209924697876, 0.6263139843940735, 0.6031023263931274, 0.580906093120575, 0.5602799654006958, 0.5412755608558655, 0.5236286520957947, 0.507036030292511, 0.49233901500701904, 0.47762367129325867, 0.46513450145721436, 0.45268380641937256, 0.4419965445995331, 0.43125617504119873, 0.42204636335372925, 0.41401591897010803, 0.40381595492362976, 0.39532971382141113, 0.3890271484851837, 0.3810492753982544, 0.3741143047809601, 0.3677726089954376, 0.3617818057537079, 0.3567798137664795, 0.35000842809677124, 0.34403184056282043, 0.33970850706100464, 0.3355157971382141, 0.3306221663951874, 0.3264428675174713, 0.321677565574646, 0.3186737895011902, 0.3139875531196594, 0.3105846643447876, 0.3072812557220459, 0.30394670367240906, 0.30116507411003113, 0.2983943521976471, 0.294380247592926, 0.2917795777320862, 0.28841736912727356, 0.28599685430526733, 0.2827832102775574, 0.28051134943962097, 0.2780291736125946, 0.2753103971481323, 0.27359873056411743, 0.27058324217796326, 0.26897743344306946, 0.267042338848114, 0.26360955834388733, 0.26274195313453674, 0.2605101466178894, 0.2590412497520447, 0.2571186423301697]
accuracy_train:84.09583333333333
accuracy_test:92.91
duration:1270.381417274475
