learning_rate:0.0001
num_epochs:20
batch_size:300
loss_x:[49, 99, 149, 199, 98, 198, 298, 398, 147, 297, 447, 597, 196, 396, 596, 796, 245, 495, 745, 995, 294, 594, 894, 1194, 343, 693, 1043, 1393, 392, 792, 1192, 1592, 441, 891, 1341, 1791, 490, 990, 1490, 1990, 539, 1089, 1639, 2189, 588, 1188, 1788, 2388, 637, 1287, 1937, 2587, 686, 1386, 2086, 2786, 735, 1485, 2235, 2985, 784, 1584, 2384, 3184, 833, 1683, 2533, 3383, 882, 1782, 2682, 3582, 931, 1881, 2831, 3781, 980, 1980, 2980, 3980]
loss_y:[2.1373705863952637, 1.6948447227478027, 1.0928728580474854, 0.7156270742416382, 0.47970345616340637, 0.4151046872138977, 0.3470296263694763, 0.4188959300518036, 0.3245682120323181, 0.29236647486686707, 0.2552085518836975, 0.26521575450897217, 0.2971620559692383, 0.1684497743844986, 0.18408286571502686, 0.24392729997634888, 0.1347033977508545, 0.1656143069267273, 0.1923210322856903, 0.21019896864891052, 0.13635112345218658, 0.18687547743320465, 0.14231786131858826, 0.1730986088514328, 0.15685486793518066, 0.15480679273605347, 0.1071966141462326, 0.11888395994901657, 0.15024727582931519, 0.08334651589393616, 0.13368013501167297, 0.15092629194259644, 0.14109675586223602, 0.12839923799037933, 0.11438030004501343, 0.14557917416095734, 0.1558922827243805, 0.13097426295280457, 0.110953189432621, 0.08761034160852432, 0.14223304390907288, 0.11696583777666092, 0.06111869215965271, 0.06399132311344147, 0.0519915409386158, 0.05578400194644928, 0.12916024029254913, 0.161282017827034, 0.08795350044965744, 0.05377953127026558, 0.12246517091989517, 0.10954813659191132, 0.07143503427505493, 0.09740129113197327, 0.1271091252565384, 0.11263411492109299, 0.06513085961341858, 0.05618453398346901, 0.09173096716403961, 0.05170188844203949, 0.07584607601165771, 0.10128612816333771, 0.06574594229459763, 0.060281600803136826, 0.112572081387043, 0.08998174220323563, 0.06725677847862244, 0.06077206879854202, 0.12326467037200928, 0.05044768378138542, 0.04430815577507019, 0.06722266227006912, 0.06439517438411713, 0.07746071368455887, 0.07789552956819534, 0.07042258977890015, 0.06543915718793869, 0.05805559083819389, 0.085521399974823, 0.036625947803258896]
loss_y_test:[2.130139112472534, 1.6742982864379883, 1.0691553354263306, 0.6940567493438721, 0.5212846398353577, 0.41928213834762573, 0.36062556505203247, 0.3157704770565033, 0.2854422628879547, 0.26094794273376465, 0.24530497193336487, 0.22682787477970123, 0.2185809314250946, 0.20503777265548706, 0.1973116099834442, 0.1875399798154831, 0.17873840034008026, 0.173588365316391, 0.1658981591463089, 0.16565926373004913, 0.15750692784786224, 0.1490495800971985, 0.14539210498332977, 0.1423381268978119, 0.13723431527614594, 0.1405004858970642, 0.13322222232818604, 0.12615056335926056, 0.12378471344709396, 0.12114197015762329, 0.11896740645170212, 0.11648941785097122, 0.11340182274580002, 0.11125782877206802, 0.10869492590427399, 0.10597626119852066, 0.10615413635969162, 0.10767959803342819, 0.1021949052810669, 0.10324417054653168, 0.09906944632530212, 0.09849008917808533, 0.09907325357198715, 0.09636905789375305, 0.09684513509273529, 0.09348618239164352, 0.094919353723526, 0.0892525240778923, 0.08907333016395569, 0.0860428437590599, 0.08723241835832596, 0.08882873505353928, 0.08422485738992691, 0.08431856334209442, 0.08184431493282318, 0.08117444068193436, 0.08262914419174194, 0.08234346657991409, 0.0817202776670456, 0.08136086165904999, 0.0781591534614563, 0.0772666484117508, 0.07567470520734787, 0.07441511750221252, 0.07686078548431396, 0.07720264047384262, 0.07308909296989441, 0.07384631782770157, 0.07337911427021027, 0.07188993692398071, 0.07138174772262573, 0.07102746516466141, 0.07054322212934494, 0.07357606291770935, 0.06958276778459549, 0.06741766631603241, 0.06778857856988907, 0.06965682655572891, 0.06730373948812485, 0.066134512424469]
accuracy_train:94.8375
accuracy_test:97.98
duration:1261.3783674240112
