learning_rate:0.001
num_epochs:20
batch_size:300
loss_x:[49, 99, 149, 199, 98, 198, 298, 398, 147, 297, 447, 597, 196, 396, 596, 796, 245, 495, 745, 995, 294, 594, 894, 1194, 343, 693, 1043, 1393, 392, 792, 1192, 1592, 441, 891, 1341, 1791, 490, 990, 1490, 1990, 539, 1089, 1639, 2189, 588, 1188, 1788, 2388, 637, 1287, 1937, 2587, 686, 1386, 2086, 2786, 735, 1485, 2235, 2985, 784, 1584, 2384, 3184, 833, 1683, 2533, 3383, 882, 1782, 2682, 3582, 931, 1881, 2831, 3781, 980, 1980, 2980, 3980]
loss_y:[0.5673016309738159, 0.304006963968277, 0.20565158128738403, 0.23660527169704437, 0.21906039118766785, 0.2447381615638733, 0.1384172886610031, 0.15143738687038422, 0.13476108014583588, 0.12421001493930817, 0.13579116761684418, 0.06484255194664001, 0.1021672785282135, 0.054166279733181, 0.07206307351589203, 0.10596849769353867, 0.08445611596107483, 0.11991565674543381, 0.04228896275162697, 0.0615924708545208, 0.04820035770535469, 0.03365250304341316, 0.03188277408480644, 0.08350156247615814, 0.017789658159017563, 0.04780926555395126, 0.0684685930609703, 0.048326656222343445, 0.03877110034227371, 0.021279171109199524, 0.04911845922470093, 0.0667577013373375, 0.017129912972450256, 0.03620285913348198, 0.017059272155165672, 0.019537566229701042, 0.041335318237543106, 0.005463694222271442, 0.03491475060582161, 0.022068509832024574, 0.014213652350008488, 0.023259146139025688, 0.013652320019900799, 0.030904842540621758, 0.03001241944730282, 0.007096924819052219, 0.04731368646025658, 0.012296819128096104, 0.015660280361771584, 0.03456488251686096, 0.014071736484766006, 0.01536924485117197, 0.01599159650504589, 0.041579894721508026, 0.017213061451911926, 0.03302532061934471, 0.008337672799825668, 0.018421363085508347, 0.01545269787311554, 0.007699581794440746, 0.007123007904738188, 0.0011969084152951837, 0.01006373018026352, 0.029082495719194412, 0.00581833440810442, 0.003975422587245703, 0.013478360138833523, 0.00462574465200305, 0.001399014494381845, 0.002359146485105157, 0.007312349509447813, 0.02518724650144577, 0.007653621956706047, 0.0061109792441129684, 0.0062171174213290215, 0.008321252651512623, 0.02060941979289055, 0.005107025150209665, 0.0017356029711663723, 0.013442600145936012]
loss_y_test:[0.5443400740623474, 0.3059624135494232, 0.2663841247558594, 0.2099476009607315, 0.17073270678520203, 0.14704535901546478, 0.13543376326560974, 0.12617070972919464, 0.11154124140739441, 0.09219170361757278, 0.09787426888942719, 0.08413112163543701, 0.08556240051984787, 0.07891418784856796, 0.07525976002216339, 0.06796425580978394, 0.06688503921031952, 0.07250848412513733, 0.061572082340717316, 0.05797666683793068, 0.06041542813181877, 0.055334191769361496, 0.06215958669781685, 0.05813559144735336, 0.05209624022245407, 0.054566890001297, 0.05351154878735542, 0.060955554246902466, 0.048869818449020386, 0.056365612894296646, 0.049505624920129776, 0.04869842156767845, 0.04588034003973007, 0.046927109360694885, 0.049123615026474, 0.05025054141879082, 0.04473152384161949, 0.042288921773433685, 0.04822821542620659, 0.04382644221186638, 0.05083954334259033, 0.04779943823814392, 0.05222810059785843, 0.04822348803281784, 0.04511693865060806, 0.0452006570994854, 0.05186872184276581, 0.04894610866904259, 0.05075099319219589, 0.05665949732065201, 0.05069325864315033, 0.05268847197294235, 0.04925408959388733, 0.0614444799721241, 0.04940028488636017, 0.0581388920545578, 0.054528363049030304, 0.053093139082193375, 0.054172128438949585, 0.053491443395614624, 0.0481734462082386, 0.04905325174331665, 0.05112136900424957, 0.04923975095152855, 0.04798222705721855, 0.05812689661979675, 0.047845520079135895, 0.04946891963481903, 0.05412928760051727, 0.05314710736274719, 0.05512425675988197, 0.05533957853913307, 0.06138596683740616, 0.04984591528773308, 0.0568087212741375, 0.05779871344566345, 0.07712924480438232, 0.05832060053944588, 0.06695202738046646, 0.05342985689640045]
accuracy_train:98.2625
accuracy_test:98.72
duration:1250.31876039505
