learning_rate:1e-05
num_epochs:20
batch_size:400
loss_x:[49, 99, 149, 98, 198, 298, 147, 297, 447, 196, 396, 596, 245, 495, 745, 294, 594, 894, 343, 693, 1043, 392, 792, 1192, 441, 891, 1341, 490, 990, 1490, 539, 1089, 1639, 588, 1188, 1788, 637, 1287, 1937, 686, 1386, 2086, 735, 1485, 2235, 784, 1584, 2384, 833, 1683, 2533, 882, 1782, 2682, 931, 1881, 2831, 980, 1980, 2980]
loss_y:[2.2801578044891357, 2.2413885593414307, 2.2075774669647217, 2.165961503982544, 2.1196200847625732, 2.047295570373535, 1.9824355840682983, 1.9188206195831299, 1.84539794921875, 1.7616429328918457, 1.6696969270706177, 1.588489055633545, 1.528798222541809, 1.3638354539871216, 1.339868426322937, 1.2259443998336792, 1.1776800155639648, 1.1357365846633911, 1.0786643028259277, 1.0074875354766846, 0.9615225195884705, 0.9322348833084106, 0.9123467803001404, 0.7811648845672607, 0.8095646500587463, 0.7304990291595459, 0.6682510375976562, 0.7021650671958923, 0.7178605794906616, 0.6650050282478333, 0.5774379968643188, 0.5922721028327942, 0.5406822562217712, 0.5532082319259644, 0.582073986530304, 0.5737395286560059, 0.5620675086975098, 0.5312751531600952, 0.5043236017227173, 0.4846854507923126, 0.46022361516952515, 0.48271289467811584, 0.4853655695915222, 0.39285212755203247, 0.4104243516921997, 0.46248382329940796, 0.43374672532081604, 0.387302041053772, 0.4211912453174591, 0.42947402596473694, 0.49530619382858276, 0.3946145176887512, 0.41766074299812317, 0.3436095714569092, 0.34877926111221313, 0.46080395579338074, 0.40318435430526733, 0.317016065120697, 0.37985682487487793, 0.33657124638557434]
loss_y_test:[2.2780165672302246, 2.244447946548462, 2.2052128314971924, 2.160416841506958, 2.108564853668213, 2.0502748489379883, 1.9855023622512817, 1.9134119749069214, 1.8358752727508545, 1.754502773284912, 1.6705158948898315, 1.5855059623718262, 1.4997018575668335, 1.4139631986618042, 1.331459403038025, 1.2516224384307861, 1.1756353378295898, 1.1059672832489014, 1.0431469678878784, 0.9838298559188843, 0.9307550191879272, 0.8824196457862854, 0.8382170796394348, 0.7978793978691101, 0.7619686126708984, 0.7285140752792358, 0.6990607380867004, 0.6724945306777954, 0.6471222043037415, 0.624911367893219, 0.6044384241104126, 0.5850346088409424, 0.5675456523895264, 0.5513464212417603, 0.5359809994697571, 0.5223281979560852, 0.5093121528625488, 0.49698513746261597, 0.4871116280555725, 0.47618213295936584, 0.46552470326423645, 0.45605266094207764, 0.44761329889297485, 0.44068434834480286, 0.4320385456085205, 0.4249192178249359, 0.4186217188835144, 0.4112922251224518, 0.4057938754558563, 0.400213360786438, 0.394387811422348, 0.3892480134963989, 0.3843154013156891, 0.38013771176338196, 0.37533172965049744, 0.3710249960422516, 0.36732083559036255, 0.3628924489021301, 0.3598070442676544, 0.35575762391090393]
accuracy_train:78.59583333333333
accuracy_test:90.29
duration:1156.1105880737305
