learning_rate:0.001
num_epochs:20
batch_size:400
loss_x:[49, 99, 149, 98, 198, 298, 147, 297, 447, 196, 396, 596, 245, 495, 745, 294, 594, 894, 343, 693, 1043, 392, 792, 1192, 441, 891, 1341, 490, 990, 1490, 539, 1089, 1639, 588, 1188, 1788, 637, 1287, 1937, 686, 1386, 2086, 735, 1485, 2235, 784, 1584, 2384, 833, 1683, 2533, 882, 1782, 2682, 931, 1881, 2831, 980, 1980, 2980]
loss_y:[0.49443650245666504, 0.2682226300239563, 0.24760279059410095, 0.16928020119667053, 0.19419726729393005, 0.1140555664896965, 0.11591285467147827, 0.10156499594449997, 0.07668787240982056, 0.0960926041007042, 0.09511374682188034, 0.10475309193134308, 0.03866138309240341, 0.08136916905641556, 0.09205569326877594, 0.08234690874814987, 0.049324534833431244, 0.06564155220985413, 0.07139216363430023, 0.03856528177857399, 0.032888058573007584, 0.04881022870540619, 0.04553406685590744, 0.025345562025904655, 0.02175455167889595, 0.017895391210913658, 0.022245226427912712, 0.023077035322785378, 0.032708052545785904, 0.04270428046584129, 0.024599963799118996, 0.04938680678606033, 0.01111279521137476, 0.02005206048488617, 0.0175787266343832, 0.0486118346452713, 0.03594815731048584, 0.013748573139309883, 0.027389157563447952, 0.008342595770955086, 0.03329114988446236, 0.016356443986296654, 0.02343169040977955, 0.012280243448913097, 0.011611726135015488, 0.0068227010779082775, 0.020826321095228195, 0.008189747110009193, 0.015337785705924034, 0.006356322206556797, 0.007148088421672583, 0.003266469342634082, 0.0099802790209651, 0.0034632813185453415, 0.010897288098931313, 0.006924709305167198, 0.0047123669646680355, 0.00637325644493103, 0.019618896767497063, 0.013893872499465942]
loss_y_test:[0.48354044556617737, 0.29471254348754883, 0.23884396255016327, 0.2023826539516449, 0.1593998670578003, 0.12749356031417847, 0.10880172997713089, 0.09865500777959824, 0.10206994414329529, 0.0828922763466835, 0.0755368322134018, 0.07339340448379517, 0.06499110162258148, 0.06339215487241745, 0.06228072941303253, 0.054040245711803436, 0.06287503987550735, 0.05131511762738228, 0.05290801823139191, 0.049961432814598083, 0.04965340718626976, 0.05714046582579613, 0.0455661304295063, 0.046495646238327026, 0.051636382937431335, 0.05059412866830826, 0.05101093649864197, 0.0440608486533165, 0.04439672827720642, 0.047303590923547745, 0.04172423481941223, 0.04664298892021179, 0.045368410646915436, 0.04686421528458595, 0.041168518364429474, 0.047359123826026917, 0.047837186604738235, 0.043821800500154495, 0.047484274953603745, 0.04213140904903412, 0.051278047263622284, 0.04204624146223068, 0.04216727614402771, 0.0450604073703289, 0.04306413233280182, 0.046283408999443054, 0.05017906054854393, 0.03897831216454506, 0.04241333156824112, 0.05229324847459793, 0.046718135476112366, 0.0440971702337265, 0.041944414377212524, 0.04116131365299225, 0.04163236916065216, 0.04529941454529762, 0.04191578924655914, 0.043387483805418015, 0.04505905136466026, 0.048133667558431625]
accuracy_train:98.29166666666667
accuracy_test:98.68
duration:1219.0350892543793
