learning_rate:0.001
num_epochs:20
batch_size:400
loss_x:[49, 99, 149, 98, 198, 298, 147, 297, 447, 196, 396, 596, 245, 495, 745, 294, 594, 894, 343, 693, 1043, 392, 792, 1192, 441, 891, 1341, 490, 990, 1490, 539, 1089, 1639, 588, 1188, 1788, 637, 1287, 1937, 686, 1386, 2086, 735, 1485, 2235, 784, 1584, 2384, 833, 1683, 2533, 882, 1782, 2682, 931, 1881, 2831, 980, 1980, 2980]
loss_y:[0.32584133744239807, 0.17411789298057556, 0.11642789095640182, 0.08529897034168243, 0.044113654643297195, 0.0984577015042305, 0.08718003332614899, 0.07512535154819489, 0.0575881153345108, 0.07034745812416077, 0.02723231166601181, 0.06301380693912506, 0.016629302874207497, 0.03956112265586853, 0.03241529315710068, 0.024829508736729622, 0.0734112411737442, 0.01800456829369068, 0.022504039108753204, 0.02550682984292507, 0.012653968296945095, 0.03483613580465317, 0.007621929049491882, 0.020899565890431404, 0.016964223235845566, 0.011728006415069103, 0.013275601901113987, 0.018383508548140526, 0.02293625846505165, 0.016973383724689484, 0.0072081671096384525, 0.011064311489462852, 0.02008718252182007, 0.003710908582434058, 0.0018052513478323817, 0.00699949823319912, 0.001960939262062311, 0.002304001245647669, 0.004108439199626446, 0.0009279623627662659, 0.0023282060865312815, 0.007601988967508078, 0.006961945444345474, 0.00284397485665977, 0.008738549426198006, 0.002159387106075883, 0.006891720462590456, 0.005917269736528397, 0.005001178942620754, 0.001692450838163495, 0.0026126292068511248, 0.005489634349942207, 0.008026981726288795, 0.004197048954665661, 0.0017289635725319386, 0.0009244890534318984, 0.004125914070755243, 0.0020411841105669737, 0.005962492898106575, 0.0012992445845156908]
loss_y_test:[0.26662924885749817, 0.15571056306362152, 0.10310224443674088, 0.08701451122760773, 0.07468269020318985, 0.0669131949543953, 0.06629358977079391, 0.05718008428812027, 0.059041280299425125, 0.05594655126333237, 0.06000588461756706, 0.04818310588598251, 0.05309799686074257, 0.04956894367933273, 0.04648608714342117, 0.044270407408475876, 0.058893486857414246, 0.04719408601522446, 0.04446323215961456, 0.05083615332841873, 0.0450948104262352, 0.04694095253944397, 0.04417884349822998, 0.04083951935172081, 0.04250660538673401, 0.040937911719083786, 0.040081944316625595, 0.04192467778921127, 0.04015159234404564, 0.03879596292972565, 0.03795767202973366, 0.0407005250453949, 0.04603913798928261, 0.03954746574163437, 0.045255307108163834, 0.04140431061387062, 0.045046620070934296, 0.045147448778152466, 0.03967038542032242, 0.045690253376960754, 0.04561113193631172, 0.04926111549139023, 0.04610489308834076, 0.049684152007102966, 0.04417945444583893, 0.047381702810525894, 0.04444276914000511, 0.04710741341114044, 0.04835835099220276, 0.04567885026335716, 0.049951422959566116, 0.05162843316793442, 0.04733102396130562, 0.0577322356402874, 0.0506141297519207, 0.0512382872402668, 0.05789908394217491, 0.05763743445277214, 0.056544627994298935, 0.055722855031490326]
accuracy_train:99.08333333333333
accuracy_test:98.69
duration:1193.4245281219482
