learning_rate:0.001
num_epochs:20
batch_size:400
loss_x:[49, 99, 149, 98, 198, 298, 147, 297, 447, 196, 396, 596, 245, 495, 745, 294, 594, 894, 343, 693, 1043, 392, 792, 1192, 441, 891, 1341, 490, 990, 1490, 539, 1089, 1639, 588, 1188, 1788, 637, 1287, 1937, 686, 1386, 2086, 735, 1485, 2235, 784, 1584, 2384, 833, 1683, 2533, 882, 1782, 2682, 931, 1881, 2831, 980, 1980, 2980]
loss_y:[0.28273752331733704, 0.15069492161273956, 0.07552517205476761, 0.1010531634092331, 0.08283142745494843, 0.059636928141117096, 0.04475879669189453, 0.0376468226313591, 0.053706541657447815, 0.07995165884494781, 0.015626506879925728, 0.032700441777706146, 0.01174917072057724, 0.019559279084205627, 0.046323809772729874, 0.03515377640724182, 0.019330335780978203, 0.033835846930742264, 0.019437657669186592, 0.02205250971019268, 0.01700790412724018, 0.005080827046185732, 0.03001438081264496, 0.02717798389494419, 0.007432799786329269, 0.0042535485699772835, 0.01300771813839674, 0.008749447762966156, 0.01270997989922762, 0.006666410714387894, 0.014864685945212841, 0.01745467819273472, 0.02198425494134426, 0.005654088221490383, 0.020009757950901985, 0.004644535481929779, 0.0041627539321780205, 0.009032425470650196, 0.005153719801455736, 0.002127642510458827, 0.002225891686975956, 0.007412701845169067, 0.0017505452269688249, 0.012930367141962051, 0.002844157861545682, 0.0034174614120274782, 0.003989382181316614, 0.01926732435822487, 0.00041387652163393795, 0.01390574499964714, 0.0024537253193557262, 0.006893043406307697, 0.004015905782580376, 0.0023170632775872946, 0.002616301877424121, 0.0035974797792732716, 0.0027889299672096968, 0.001951144658960402, 0.00440550222992897, 0.0013705488527193666]
loss_y_test:[0.20045939087867737, 0.10885269939899445, 0.0934605598449707, 0.06727159768342972, 0.059414271265268326, 0.06094794347882271, 0.0505591481924057, 0.044822655618190765, 0.04488334804773331, 0.04088183492422104, 0.040931060910224915, 0.035087257623672485, 0.041570115834474564, 0.046688590198755264, 0.04392009228467941, 0.03566297888755798, 0.033430472016334534, 0.03590616583824158, 0.03435363620519638, 0.03979231044650078, 0.033092204481363297, 0.03739086911082268, 0.03205541893839836, 0.03973231092095375, 0.03862650692462921, 0.031869351863861084, 0.033795759081840515, 0.03410278260707855, 0.03186636045575142, 0.039066560566425323, 0.039345208555459976, 0.04144059494137764, 0.03442396968603134, 0.03431973233819008, 0.035552315413951874, 0.0419512614607811, 0.03597310930490494, 0.037811726331710815, 0.03653177618980408, 0.03249906003475189, 0.03539861738681793, 0.04023825749754906, 0.033896878361701965, 0.03779036924242973, 0.03595006465911865, 0.043243370950222015, 0.04885217174887657, 0.04720631614327431, 0.03514981269836426, 0.0565614327788353, 0.043868470937013626, 0.040313463658094406, 0.03457173705101013, 0.044515565037727356, 0.041344307363033295, 0.052038855850696564, 0.04596787318587303, 0.03858466073870659, 0.04508350044488907, 0.04315410926938057]
accuracy_train:99.21666666666667
accuracy_test:98.9
duration:1053.577709197998
