learning_rate:0.001
num_epochs:20
batch_size:400
loss_x:[49, 99, 149, 98, 198, 298, 147, 297, 447, 196, 396, 596, 245, 495, 745, 294, 594, 894, 343, 693, 1043, 392, 792, 1192, 441, 891, 1341, 490, 990, 1490, 539, 1089, 1639, 588, 1188, 1788, 637, 1287, 1937, 686, 1386, 2086, 735, 1485, 2235, 784, 1584, 2384, 833, 1683, 2533, 882, 1782, 2682, 931, 1881, 2831, 980, 1980, 2980]
loss_y:[0.3937411606311798, 0.20626062154769897, 0.12877899408340454, 0.09523370116949081, 0.10355231910943985, 0.06417083740234375, 0.05750637501478195, 0.047515131533145905, 0.07721922546625137, 0.058901116251945496, 0.06576500833034515, 0.04756663739681244, 0.03124610334634781, 0.051367517560720444, 0.031007401645183563, 0.04583492875099182, 0.035009149461984634, 0.03681516647338867, 0.05917610973119736, 0.02805442363023758, 0.059438981115818024, 0.013451128266751766, 0.025645755231380463, 0.04600366950035095, 0.043544426560401917, 0.029587095603346825, 0.028894374147057533, 0.011284644715487957, 0.03275304287672043, 0.018533166497945786, 0.010175924748182297, 0.0027344299014657736, 0.011928715743124485, 0.002600264735519886, 0.04156472161412239, 0.006635534111410379, 0.00808573979884386, 0.004818709567189217, 0.06558384746313095, 0.032870322465896606, 0.02015993371605873, 0.040623269975185394, 0.0035690825898200274, 0.008483716286718845, 0.03518618270754814, 0.012485560961067677, 0.009554465301334858, 0.019628025591373444, 0.002150645013898611, 0.016529791057109833, 0.01445048488676548, 0.013554248958826065, 0.002817045198753476, 0.0058985124342143536, 0.0040830462239682674, 0.003572270506992936, 0.011235740035772324, 0.004048365633934736, 0.007583605591207743, 0.0012816796079277992]
loss_y_test:[0.3344274163246155, 0.18971015512943268, 0.13112805783748627, 0.11882438510656357, 0.08915097266435623, 0.06889798492193222, 0.06723443418741226, 0.0588790625333786, 0.05873622000217438, 0.0504566915333271, 0.046687401831150055, 0.046701375395059586, 0.047672491520643234, 0.0469510518014431, 0.04767683893442154, 0.04585131257772446, 0.05569097027182579, 0.03971206024289131, 0.039698973298072815, 0.036699078977108, 0.03775421157479286, 0.0335923433303833, 0.03342654928565025, 0.031815048307180405, 0.031188230961561203, 0.03311201184988022, 0.031065650284290314, 0.031058168038725853, 0.03987745940685272, 0.035704974085092545, 0.03326266258955002, 0.03188701719045639, 0.025178875774145126, 0.027567056939005852, 0.031074564903974533, 0.03806052356958389, 0.027108127251267433, 0.03549838438630104, 0.039617300033569336, 0.04334969446063042, 0.02968383952975273, 0.02995186857879162, 0.03396451473236084, 0.031057752668857574, 0.032668303698301315, 0.03632024675607681, 0.03274540230631828, 0.03429248929023743, 0.03213350102305412, 0.03856639936566353, 0.03341872990131378, 0.03429381176829338, 0.031915634870529175, 0.031228747218847275, 0.030866427347064018, 0.03355758264660835, 0.03588591143488884, 0.036234717816114426, 0.0368337407708168, 0.03655080124735832]
accuracy_train:98.77916666666667
accuracy_test:99.03
duration:1070.840411901474
