learning_rate:1e-05
num_epochs:20
batch_size:300
loss_x:[49, 99, 149, 199, 98, 198, 298, 398, 147, 297, 447, 597, 196, 396, 596, 796, 245, 495, 745, 995, 294, 594, 894, 1194, 343, 693, 1043, 1393, 392, 792, 1192, 1592, 441, 891, 1341, 1791, 490, 990, 1490, 1990, 539, 1089, 1639, 2189, 588, 1188, 1788, 2388, 637, 1287, 1937, 2587, 686, 1386, 2086, 2786, 735, 1485, 2235, 2985, 784, 1584, 2384, 3184, 833, 1683, 2533, 3383, 882, 1782, 2682, 3582, 931, 1881, 2831, 3781, 980, 1980, 2980, 3980]
loss_y:[2.294142246246338, 2.251952648162842, 2.193228244781494, 2.1283607482910156, 2.026040554046631, 1.8910248279571533, 1.758364200592041, 1.6191014051437378, 1.5034855604171753, 1.2872964143753052, 1.2197675704956055, 1.016544222831726, 0.9973086714744568, 0.8547731637954712, 0.800366997718811, 0.7245553731918335, 0.7097370028495789, 0.6781235933303833, 0.6699957847595215, 0.5222482681274414, 0.4666263461112976, 0.557164192199707, 0.4592589735984802, 0.4700271189212799, 0.4528559446334839, 0.4284234642982483, 0.4336365759372711, 0.3999326825141907, 0.37722769379615784, 0.33320876955986023, 0.36693620681762695, 0.3797266483306885, 0.3933660686016083, 0.32078656554222107, 0.4568752646446228, 0.3487759828567505, 0.3148377537727356, 0.3954945504665375, 0.3390561044216156, 0.2865103483200073, 0.29621636867523193, 0.34777384996414185, 0.36074110865592957, 0.3178595006465912, 0.31718480587005615, 0.2921111285686493, 0.21136586368083954, 0.31575286388397217, 0.2933756113052368, 0.22619834542274475, 0.3002680838108063, 0.22575929760932922, 0.23001833260059357, 0.30043137073516846, 0.2792981266975403, 0.2760225534439087, 0.23777148127555847, 0.27008774876594543, 0.33224251866340637, 0.2072700560092926, 0.22289782762527466, 0.25643864274024963, 0.29765307903289795, 0.18906556069850922, 0.2861807346343994, 0.1739025115966797, 0.2903965413570404, 0.1976800411939621, 0.20953933894634247, 0.25055649876594543, 0.2078327238559723, 0.23357053101062775, 0.22371011972427368, 0.28964895009994507, 0.17595596611499786, 0.19660550355911255, 0.21802449226379395, 0.18734818696975708, 0.23089419305324554, 0.2709275782108307]
loss_y_test:[2.2827136516571045, 2.2458174228668213, 2.1919548511505127, 2.11535906791687, 2.0188357830047607, 1.8996737003326416, 1.7613576650619507, 1.612845778465271, 1.460124135017395, 1.3122732639312744, 1.1744120121002197, 1.0537649393081665, 0.9502389430999756, 0.8611167669296265, 0.7871339917182922, 0.7257302403450012, 0.673473596572876, 0.6299130916595459, 0.592197835445404, 0.5591880083084106, 0.5323683619499207, 0.5068610906600952, 0.485998272895813, 0.4662417769432068, 0.44937944412231445, 0.4344385266304016, 0.42009973526000977, 0.4079142212867737, 0.3967265486717224, 0.38607341051101685, 0.3760930597782135, 0.3678576946258545, 0.35949593782424927, 0.35256659984588623, 0.34540605545043945, 0.3382871747016907, 0.3328362703323364, 0.3252812325954437, 0.32083678245544434, 0.3143561780452728, 0.31036612391471863, 0.3042944371700287, 0.30130913853645325, 0.2961721122264862, 0.29168352484703064, 0.28812119364738464, 0.28432878851890564, 0.280580073595047, 0.27675172686576843, 0.27248072624206543, 0.26980605721473694, 0.2660137712955475, 0.2618328630924225, 0.25929948687553406, 0.25700756907463074, 0.25465092062950134, 0.25130894780158997, 0.24742165207862854, 0.24482384324073792, 0.24184022843837738, 0.2392994612455368, 0.23684151470661163, 0.23397652804851532, 0.2311164140701294, 0.22892077267169952, 0.22697119414806366, 0.22397902607917786, 0.22314119338989258, 0.22058705985546112, 0.21727074682712555, 0.21582841873168945, 0.21313506364822388, 0.21173954010009766, 0.20993725955486298, 0.20688745379447937, 0.20517337322235107, 0.2026829570531845, 0.20109204947948456, 0.2004680335521698, 0.19763877987861633]
accuracy_train:85.6
accuracy_test:94.34
duration:1100.3793489933014
