learning_rate:0.0001
num_epochs:20
batch_size:400
loss_x:[49, 99, 149, 98, 198, 298, 147, 297, 447, 196, 396, 596, 245, 495, 745, 294, 594, 894, 343, 693, 1043, 392, 792, 1192, 441, 891, 1341, 490, 990, 1490, 539, 1089, 1639, 588, 1188, 1788, 637, 1287, 1937, 686, 1386, 2086, 735, 1485, 2235, 784, 1584, 2384, 833, 1683, 2533, 882, 1782, 2682, 931, 1881, 2831, 980, 1980, 2980]
loss_y:[1.8561700582504272, 0.8710920214653015, 0.4843771755695343, 0.4331175982952118, 0.37780967354774475, 0.3281504511833191, 0.28537070751190186, 0.24539561569690704, 0.1923535019159317, 0.21870198845863342, 0.19717195630073547, 0.19599342346191406, 0.18963325023651123, 0.19424749910831451, 0.18353904783725739, 0.17054849863052368, 0.14392085373401642, 0.19229035079479218, 0.13499923050403595, 0.13280686736106873, 0.1389019638299942, 0.10236315429210663, 0.09064065665006638, 0.1023174375295639, 0.10366828739643097, 0.09911100566387177, 0.09745465219020844, 0.08082212507724762, 0.05591167137026787, 0.11424728482961655, 0.11746849864721298, 0.07999598234891891, 0.07266337424516678, 0.0638086348772049, 0.07009127736091614, 0.10009262710809708, 0.09637798368930817, 0.11705292016267776, 0.0872974619269371, 0.045352350920438766, 0.0656142309308052, 0.044459566473960876, 0.04315832629799843, 0.05226823315024376, 0.07389605045318604, 0.06705080717802048, 0.06430909037590027, 0.07693828642368317, 0.04079439118504524, 0.05484210327267647, 0.05983002111315727, 0.11492246389389038, 0.06413586437702179, 0.06310432404279709, 0.0795958861708641, 0.034139443188905716, 0.05600006505846977, 0.051632050424814224, 0.018671786412596703, 0.07569514214992523]
loss_y_test:[1.8240245580673218, 0.8094014525413513, 0.47974684834480286, 0.3814413845539093, 0.3353022038936615, 0.29412874579429626, 0.2670052647590637, 0.24867390096187592, 0.23040364682674408, 0.2097124457359314, 0.19908151030540466, 0.18000943958759308, 0.16920410096645355, 0.1564156413078308, 0.14885510504245758, 0.13784635066986084, 0.13347338140010834, 0.12357557564973831, 0.11844789236783981, 0.11323174834251404, 0.10808693617582321, 0.10192723572254181, 0.09835819900035858, 0.09331873059272766, 0.09087299555540085, 0.08657458424568176, 0.08347361534833908, 0.08039069175720215, 0.07754173129796982, 0.08065047860145569, 0.07428386062383652, 0.07317978143692017, 0.07000035047531128, 0.0667647123336792, 0.06534820050001144, 0.06611162424087524, 0.06623895466327667, 0.06251296401023865, 0.05908378213644028, 0.058437809348106384, 0.058957524597644806, 0.05898202955722809, 0.05520506203174591, 0.05558003485202789, 0.05856978893280029, 0.05353269726037979, 0.053489211946725845, 0.05170201137661934, 0.05132587254047394, 0.0535486601293087, 0.049200963228940964, 0.04781905561685562, 0.050985001027584076, 0.047315433621406555, 0.04486164450645447, 0.04411546140909195, 0.04509911686182022, 0.043925948441028595, 0.04431469365954399, 0.04506417363882065]
accuracy_train:95.45833333333333
accuracy_test:98.45
duration:1086.734487771988
