learning_rate:0.0001
num_epochs:20
batch_size:300
loss_x:[49, 99, 149, 199, 98, 198, 298, 398, 147, 297, 447, 597, 196, 396, 596, 796, 245, 495, 745, 995, 294, 594, 894, 1194, 343, 693, 1043, 1393, 392, 792, 1192, 1592, 441, 891, 1341, 1791, 490, 990, 1490, 1990, 539, 1089, 1639, 2189, 588, 1188, 1788, 2388, 637, 1287, 1937, 2587, 686, 1386, 2086, 2786, 735, 1485, 2235, 2985, 784, 1584, 2384, 3184, 833, 1683, 2533, 3383, 882, 1782, 2682, 3582, 931, 1881, 2831, 3781, 980, 1980, 2980, 3980]
loss_y:[1.8975797891616821, 1.0105080604553223, 0.5611746907234192, 0.4112827777862549, 0.3965564966201782, 0.2667318284511566, 0.2617207467556, 0.3371232748031616, 0.3684079349040985, 0.24215514957904816, 0.2631314992904663, 0.30876418948173523, 0.31855347752571106, 0.22212176024913788, 0.22721031308174133, 0.21848171949386597, 0.22207504510879517, 0.1390153169631958, 0.18965031206607819, 0.13768260180950165, 0.13551542162895203, 0.11929918825626373, 0.15260693430900574, 0.10137707740068436, 0.12279114127159119, 0.10623525828123093, 0.1503068208694458, 0.11119405180215836, 0.09540019929409027, 0.09527415037155151, 0.0870760977268219, 0.19411315023899078, 0.06402871757745743, 0.07440909743309021, 0.08191123604774475, 0.0682372972369194, 0.09981716424226761, 0.09225067496299744, 0.048336148262023926, 0.07253533601760864, 0.0393189899623394, 0.09778616577386856, 0.051104072481393814, 0.08599220216274261, 0.06684799492359161, 0.08503943681716919, 0.09661766141653061, 0.050672367215156555, 0.08243338018655777, 0.08321258425712585, 0.07293757796287537, 0.08566341549158096, 0.031359635293483734, 0.04319870471954346, 0.054967477917671204, 0.05817432329058647, 0.04703718051314354, 0.014851768501102924, 0.06992306560277939, 0.030128689482808113, 0.06646887212991714, 0.07803662121295929, 0.0796414241194725, 0.03943989425897598, 0.07611016929149628, 0.026345379650592804, 0.06945611536502838, 0.05588911846280098, 0.03337763994932175, 0.03118322417140007, 0.029718758538365364, 0.033852748572826385, 0.08799252659082413, 0.03617271035909653, 0.029396848753094673, 0.07677080482244492, 0.03646492958068848, 0.04547962173819542, 0.04091417044401169, 0.04056524112820625]
loss_y_test:[1.8404829502105713, 0.8809282183647156, 0.5487721562385559, 0.43991246819496155, 0.3823281526565552, 0.35088276863098145, 0.32239532470703125, 0.3016498386859894, 0.2829568088054657, 0.26689934730529785, 0.2519398033618927, 0.2473284751176834, 0.22724518179893494, 0.21684926748275757, 0.20115236937999725, 0.19348426163196564, 0.18456242978572845, 0.17297007143497467, 0.16136109828948975, 0.15370288491249084, 0.15294590592384338, 0.14014090597629547, 0.14039474725723267, 0.12683311104774475, 0.12471110373735428, 0.11689426749944687, 0.10906277596950531, 0.10606444627046585, 0.09988582134246826, 0.09722200781106949, 0.09662014245986938, 0.09301818907260895, 0.09031730145215988, 0.08966242522001266, 0.089464470744133, 0.0808028131723404, 0.0786786675453186, 0.07844375818967819, 0.07440556585788727, 0.07788539677858353, 0.07295487821102142, 0.07270747423171997, 0.0694819837808609, 0.0656561553478241, 0.0691739097237587, 0.06576628237962723, 0.06644339114427567, 0.06262907385826111, 0.061834413558244705, 0.06063469126820564, 0.061929792165756226, 0.059914764016866684, 0.06453487277030945, 0.05670592933893204, 0.05723653361201286, 0.05806061998009682, 0.05576959252357483, 0.054378241300582886, 0.05385307967662811, 0.05677622929215431, 0.05341754108667374, 0.05110142379999161, 0.05065186694264412, 0.05012382194399834, 0.05172586813569069, 0.0514969527721405, 0.05149335786700249, 0.048010095953941345, 0.05178384110331535, 0.04728423058986664, 0.04869263619184494, 0.04811898246407509, 0.04818723723292351, 0.05285443365573883, 0.047762852162122726, 0.0479816272854805, 0.045757412910461426, 0.047780390828847885, 0.043998800218105316, 0.04400954768061638]
accuracy_train:95.55833333333334
accuracy_test:98.6
duration:1105.205998659134
