learning_rate:0.0001
num_epochs:20
batch_size:400
loss_x:[49, 99, 149, 98, 198, 298, 147, 297, 447, 196, 396, 596, 245, 495, 745, 294, 594, 894, 343, 693, 1043, 392, 792, 1192, 441, 891, 1341, 490, 990, 1490, 539, 1089, 1639, 588, 1188, 1788, 637, 1287, 1937, 686, 1386, 2086, 735, 1485, 2235, 784, 1584, 2384, 833, 1683, 2533, 882, 1782, 2682, 931, 1881, 2831, 980, 1980, 2980]
loss_y:[0.6165879368782043, 0.3424254357814789, 0.23168660700321198, 0.23405052721500397, 0.1777644008398056, 0.14878538250923157, 0.2208777219057083, 0.14267368614673615, 0.12881965935230255, 0.14569225907325745, 0.1265966296195984, 0.0846400037407875, 0.09405896812677383, 0.12895523011684418, 0.12089419364929199, 0.09399747103452682, 0.07969433069229126, 0.09649374336004257, 0.07076936215162277, 0.06034403294324875, 0.06666525453329086, 0.0589580163359642, 0.10234250128269196, 0.07018730044364929, 0.028804313391447067, 0.09059861302375793, 0.042566943913698196, 0.04556979984045029, 0.07894467562437057, 0.07033371925354004, 0.07861359417438507, 0.05200503021478653, 0.06556560844182968, 0.034234508872032166, 0.06082833185791969, 0.046993356198072433, 0.053516119718551636, 0.06056574359536171, 0.03888845443725586, 0.060266993939876556, 0.06277478486299515, 0.04604610800743103, 0.02131141722202301, 0.03968055546283722, 0.028646117076277733, 0.047577980905771255, 0.051445964723825455, 0.055671967566013336, 0.05333184823393822, 0.04696643725037575, 0.0438358411192894, 0.05007500946521759, 0.03551170602440834, 0.022446410730481148, 0.028094518929719925, 0.0282733291387558, 0.027431165799498558, 0.020372938364744186, 0.017364993691444397, 0.027987787500023842]
loss_y_test:[0.6027306914329529, 0.34217017889022827, 0.2583997845649719, 0.2089127004146576, 0.17917689681053162, 0.15871158242225647, 0.14341062307357788, 0.129886656999588, 0.12050912529230118, 0.11200214177370071, 0.10893940180540085, 0.10364804416894913, 0.09122597426176071, 0.09381792694330215, 0.08692891150712967, 0.08117613941431046, 0.08014075458049774, 0.08201960474252701, 0.07328077405691147, 0.07542242109775543, 0.0692891851067543, 0.06510282307863235, 0.06872216612100601, 0.06474229693412781, 0.0618748813867569, 0.062457334250211716, 0.05875779688358307, 0.05797291919589043, 0.05547231063246727, 0.05677230656147003, 0.06282754987478256, 0.05789351090788841, 0.05236484482884407, 0.049871619790792465, 0.04909520223736763, 0.04806111752986908, 0.0476798452436924, 0.04852929711341858, 0.05108702555298805, 0.0526161752641201, 0.045770786702632904, 0.04901064932346344, 0.04555736482143402, 0.0457291454076767, 0.04406856372952461, 0.04423557221889496, 0.04849455878138542, 0.04441729187965393, 0.04883807525038719, 0.043617650866508484, 0.04424067586660385, 0.04329456388950348, 0.039960797876119614, 0.04029501602053642, 0.04090544581413269, 0.04204535111784935, 0.04091930389404297, 0.03747538849711418, 0.03945294767618179, 0.04561596363782883]
accuracy_train:97.54583333333333
accuracy_test:98.47
duration:1099.6218445301056
