learning_rate:1e-05
num_epochs:20
batch_size:400
loss_x:[49, 99, 149, 98, 198, 298, 147, 297, 447, 196, 396, 596, 245, 495, 745, 294, 594, 894, 343, 693, 1043, 392, 792, 1192, 441, 891, 1341, 490, 990, 1490, 539, 1089, 1639, 588, 1188, 1788, 637, 1287, 1937, 686, 1386, 2086, 735, 1485, 2235, 784, 1584, 2384, 833, 1683, 2533, 882, 1782, 2682, 931, 1881, 2831, 980, 1980, 2980]
loss_y:[2.178837537765503, 1.9378262758255005, 1.749375820159912, 1.505212426185608, 1.2699546813964844, 1.1115952730178833, 0.9641999006271362, 0.8675249218940735, 0.7584631443023682, 0.6824386119842529, 0.6355372667312622, 0.5720041394233704, 0.49269387125968933, 0.5195062160491943, 0.4396674633026123, 0.4350076913833618, 0.3815692961215973, 0.35374996066093445, 0.4257764518260956, 0.3646664321422577, 0.3724134564399719, 0.3994637429714203, 0.35098016262054443, 0.2766024172306061, 0.29126623272895813, 0.2791524827480316, 0.29848286509513855, 0.2727143168449402, 0.2733091115951538, 0.2287580668926239, 0.23528270423412323, 0.25992313027381897, 0.20426620543003082, 0.2558528780937195, 0.17412348091602325, 0.21784746646881104, 0.19949384033679962, 0.27046680450439453, 0.2547174394130707, 0.1900327503681183, 0.20174823701381683, 0.2127494364976883, 0.1815384477376938, 0.24163976311683655, 0.2036307454109192, 0.22333164513111115, 0.17150622606277466, 0.14305830001831055, 0.19149921834468842, 0.22961196303367615, 0.18725788593292236, 0.17720332741737366, 0.2080596685409546, 0.14414699375629425, 0.1562967747449875, 0.1588173508644104, 0.18791675567626953, 0.16645362973213196, 0.1388048231601715, 0.1838729828596115]
loss_y_test:[2.157578468322754, 1.9402011632919312, 1.7106003761291504, 1.4845259189605713, 1.2746275663375854, 1.0954830646514893, 0.9474384784698486, 0.8275816440582275, 0.7345795631408691, 0.6588963270187378, 0.5982303023338318, 0.5499020218849182, 0.5086815357208252, 0.47470054030418396, 0.4453065097332001, 0.4209067225456238, 0.39974445104599, 0.3793504238128662, 0.362512469291687, 0.3473893404006958, 0.33447006344795227, 0.3235398232936859, 0.3114350438117981, 0.30157285928726196, 0.2919977307319641, 0.28436774015426636, 0.2761766314506531, 0.2687947154045105, 0.2619823217391968, 0.25575441122055054, 0.2504566013813019, 0.24458101391792297, 0.23794883489608765, 0.23441453278064728, 0.22831231355667114, 0.22418424487113953, 0.2193138301372528, 0.21551109850406647, 0.21151231229305267, 0.20717166364192963, 0.20376302301883698, 0.20007692277431488, 0.19697986543178558, 0.19360481202602386, 0.19079194962978363, 0.18743719160556793, 0.18412092328071594, 0.18131986260414124, 0.17833730578422546, 0.17526517808437347, 0.17302773892879486, 0.16970552504062653, 0.16789063811302185, 0.16619712114334106, 0.16386589407920837, 0.161213681101799, 0.15854713320732117, 0.15682728588581085, 0.15412704646587372, 0.15274155139923096]
accuracy_train:89.57083333333334
accuracy_test:95.7
duration:1103.9164595603943
