learning_rate:1e-05
num_epochs:20
batch_size:400
loss_x:[49, 99, 149, 98, 198, 298, 147, 297, 447, 196, 396, 596, 245, 495, 745, 294, 594, 894, 343, 693, 1043, 392, 792, 1192, 441, 891, 1341, 490, 990, 1490, 539, 1089, 1639, 588, 1188, 1788, 637, 1287, 1937, 686, 1386, 2086, 735, 1485, 2235, 784, 1584, 2384, 833, 1683, 2533, 882, 1782, 2682, 931, 1881, 2831, 980, 1980, 2980]
loss_y:[2.2881734371185303, 2.2782235145568848, 2.259514093399048, 2.2323648929595947, 2.1903765201568604, 2.1457910537719727, 2.075873613357544, 1.9772307872772217, 1.8903824090957642, 1.7959234714508057, 1.6700875759124756, 1.5892853736877441, 1.422290325164795, 1.2804896831512451, 1.1496098041534424, 1.061376929283142, 0.9396027326583862, 0.9130632877349854, 0.8111850619316101, 0.7004833817481995, 0.7216091156005859, 0.6277925372123718, 0.557202160358429, 0.6512465476989746, 0.5022374987602234, 0.533745288848877, 0.5261255502700806, 0.4966460168361664, 0.4666670560836792, 0.4577053189277649, 0.4556468725204468, 0.4501873254776001, 0.4403502941131592, 0.3592613637447357, 0.37668922543525696, 0.3822741210460663, 0.3690890967845917, 0.37678393721580505, 0.3574378192424774, 0.33775025606155396, 0.34937217831611633, 0.3064800500869751, 0.2973706126213074, 0.3148464560508728, 0.34980669617652893, 0.317354679107666, 0.3047914206981659, 0.3052860200405121, 0.24897843599319458, 0.2880846858024597, 0.29300764203071594, 0.3439945876598358, 0.29422760009765625, 0.22433991730213165, 0.2072298675775528, 0.2976389229297638, 0.25844115018844604, 0.2713283598423004, 0.2706032991409302, 0.2464483082294464]
loss_y_test:[2.2920660972595215, 2.2767138481140137, 2.254992723464966, 2.225766181945801, 2.18597149848938, 2.135287284851074, 2.070223569869995, 1.9899344444274902, 1.8949933052062988, 1.785487174987793, 1.664670705795288, 1.5360379219055176, 1.405828833580017, 1.2796982526779175, 1.1603864431381226, 1.0514081716537476, 0.9548557996749878, 0.8710194230079651, 0.7984355092048645, 0.7357576489448547, 0.6817567348480225, 0.6358034610748291, 0.597550630569458, 0.5632626414299011, 0.5344030857086182, 0.509223461151123, 0.4870205819606781, 0.4673224985599518, 0.44983047246932983, 0.43375229835510254, 0.42036834359169006, 0.40632760524749756, 0.39459216594696045, 0.38394877314567566, 0.37398815155029297, 0.36401402950286865, 0.356055349111557, 0.34767618775367737, 0.3406888246536255, 0.3332826495170593, 0.3268367052078247, 0.3206174969673157, 0.3144822120666504, 0.3084993064403534, 0.3036314845085144, 0.29874148964881897, 0.29449132084846497, 0.2894013524055481, 0.28463971614837646, 0.27964651584625244, 0.2762061357498169, 0.27175676822662354, 0.26742616295814514, 0.26416975259780884, 0.2603400945663452, 0.2567828297615051, 0.25369682908058167, 0.24994638562202454, 0.24625186622142792, 0.24393299221992493]
accuracy_train:82.67083333333333
accuracy_test:93.2
duration:1088.934372663498
