learning_rate:0.0001
num_epochs:20
batch_size:300
loss_x:[49, 99, 149, 199, 98, 198, 298, 398, 147, 297, 447, 597, 196, 396, 596, 796, 245, 495, 745, 995, 294, 594, 894, 1194, 343, 693, 1043, 1393, 392, 792, 1192, 1592, 441, 891, 1341, 1791, 490, 990, 1490, 1990, 539, 1089, 1639, 2189, 588, 1188, 1788, 2388, 637, 1287, 1937, 2587, 686, 1386, 2086, 2786, 735, 1485, 2235, 2985, 784, 1584, 2384, 3184, 833, 1683, 2533, 3383, 882, 1782, 2682, 3582, 931, 1881, 2831, 3781, 980, 1980, 2980, 3980]
loss_y:[0.7779088020324707, 0.352674275636673, 0.2848984897136688, 0.2309217005968094, 0.19628529250621796, 0.18436655402183533, 0.13596111536026, 0.16549596190452576, 0.14931923151016235, 0.17170581221580505, 0.12192004919052124, 0.09899580478668213, 0.08561881631612778, 0.06986066699028015, 0.09526560455560684, 0.07359058409929276, 0.07481134682893753, 0.08510804176330566, 0.12745262682437897, 0.042065393179655075, 0.10640349984169006, 0.0796988382935524, 0.10533241927623749, 0.05992279574275017, 0.03343888744711876, 0.06370379030704498, 0.059619005769491196, 0.08395469188690186, 0.0559285543859005, 0.06690967828035355, 0.06804991513490677, 0.06899138540029526, 0.06268881261348724, 0.0366428978741169, 0.02997642755508423, 0.0475265271961689, 0.06895851343870163, 0.023194318637251854, 0.03910870850086212, 0.015098369680345058, 0.0327950082719326, 0.03645912557840347, 0.04871145635843277, 0.051117412745952606, 0.03437799960374832, 0.05705804005265236, 0.042259518057107925, 0.0276876799762249, 0.03231764957308769, 0.01799204759299755, 0.05675506591796875, 0.052592966705560684, 0.059315502643585205, 0.025135934352874756, 0.04182190075516701, 0.029630359262228012, 0.015425419434905052, 0.017799342051148415, 0.051392026245594025, 0.03491782024502754, 0.013312104158103466, 0.022154703736305237, 0.05395481735467911, 0.02935187704861164, 0.0576721653342247, 0.026074334979057312, 0.03648369014263153, 0.0062273708172142506, 0.03795398399233818, 0.022775394842028618, 0.01630648970603943, 0.025301070883870125, 0.010636316612362862, 0.05872894451022148, 0.032895781099796295, 0.026941848918795586, 0.02774774841964245, 0.00858134962618351, 0.012344632297754288, 0.027879511937499046]
loss_y_test:[0.7289058566093445, 0.3612059950828552, 0.26624569296836853, 0.22703659534454346, 0.18320593237876892, 0.15998178720474243, 0.14514800906181335, 0.1297309398651123, 0.11896125227212906, 0.11393944919109344, 0.1124245896935463, 0.10327988117933273, 0.09545180946588516, 0.08608544617891312, 0.08705756068229675, 0.08656860888004303, 0.0752270296216011, 0.0805048793554306, 0.06912106275558472, 0.06439260393381119, 0.06456674635410309, 0.06388908624649048, 0.06042887270450592, 0.06055571883916855, 0.06194999814033508, 0.060187093913555145, 0.05462820827960968, 0.06017036363482475, 0.057280149310827255, 0.05443480983376503, 0.05331772193312645, 0.052897121757268906, 0.049720559269189835, 0.04926057532429695, 0.04738326370716095, 0.0477537140250206, 0.0462295338511467, 0.04664633050560951, 0.0439281091094017, 0.04439330846071243, 0.04683992266654968, 0.04408491030335426, 0.042980458587408066, 0.04301932081580162, 0.04469714313745499, 0.04079195111989975, 0.04233558848500252, 0.03849537670612335, 0.044890984892845154, 0.041923996061086655, 0.03828694298863411, 0.04279375821352005, 0.04225050285458565, 0.039267998188734055, 0.04292706400156021, 0.03682458773255348, 0.03846532106399536, 0.04173891618847847, 0.04045319929718971, 0.03859108313918114, 0.03751632198691368, 0.03939064219594002, 0.03645914047956467, 0.038651540875434875, 0.03406524285674095, 0.03810904920101166, 0.04102053493261337, 0.03720913454890251, 0.03555559366941452, 0.04286971688270569, 0.034852880984544754, 0.03504210337996483, 0.03602872043848038, 0.03501279652118683, 0.037016380578279495, 0.03453845903277397, 0.035969894379377365, 0.03863697126507759, 0.03571236878633499, 0.03462155908346176]
accuracy_train:97.95416666666667
accuracy_test:98.87
duration:1112.9816634654999
