learning_rate:1e-05
num_epochs:20
batch_size:300
loss_x:[49, 99, 149, 199, 98, 198, 298, 398, 147, 297, 447, 597, 196, 396, 596, 796, 245, 495, 745, 995, 294, 594, 894, 1194, 343, 693, 1043, 1393, 392, 792, 1192, 1592, 441, 891, 1341, 1791, 490, 990, 1490, 1990, 539, 1089, 1639, 2189, 588, 1188, 1788, 2388, 637, 1287, 1937, 2587, 686, 1386, 2086, 2786, 735, 1485, 2235, 2985, 784, 1584, 2384, 3184, 833, 1683, 2533, 3383, 882, 1782, 2682, 3582, 931, 1881, 2831, 3781, 980, 1980, 2980, 3980]
loss_y:[2.136897563934326, 1.950769305229187, 1.6975587606430054, 1.549111247062683, 1.3198174238204956, 1.1304775476455688, 0.9864822626113892, 0.8885822296142578, 0.7779039144515991, 0.6991884112358093, 0.5489621758460999, 0.556489109992981, 0.557083785533905, 0.48011907935142517, 0.410276859998703, 0.48256921768188477, 0.36899811029434204, 0.3882162868976593, 0.46674805879592896, 0.4387824535369873, 0.35689297318458557, 0.2953171730041504, 0.32689762115478516, 0.33671367168426514, 0.28740599751472473, 0.31887200474739075, 0.2710692584514618, 0.27764397859573364, 0.2729049623012543, 0.2685568928718567, 0.25575733184814453, 0.266984224319458, 0.22668983042240143, 0.2558862268924713, 0.272419273853302, 0.2865425944328308, 0.20053070783615112, 0.23881778120994568, 0.25297901034355164, 0.2467917650938034, 0.25073719024658203, 0.2503963112831116, 0.17180415987968445, 0.21313974261283875, 0.18227313458919525, 0.20392943918704987, 0.18082992732524872, 0.1780783087015152, 0.24267588555812836, 0.16581957042217255, 0.18276813626289368, 0.22365061938762665, 0.18603987991809845, 0.22586049139499664, 0.1651408076286316, 0.14282967150211334, 0.1662822663784027, 0.1781800389289856, 0.20506051182746887, 0.2071511149406433, 0.14039413630962372, 0.15074875950813293, 0.1669292151927948, 0.1248481273651123, 0.16250765323638916, 0.0754302367568016, 0.12989547848701477, 0.16247719526290894, 0.1518099457025528, 0.17086905241012573, 0.1609072983264923, 0.18360593914985657, 0.2150130271911621, 0.11384296417236328, 0.13411566615104675, 0.13172999024391174, 0.15608011186122894, 0.11136932671070099, 0.16960763931274414, 0.13982930779457092]
loss_y_test:[2.1416852474212646, 1.9387707710266113, 1.7287938594818115, 1.5231633186340332, 1.3300678730010986, 1.1554036140441895, 1.0002833604812622, 0.8711013197898865, 0.7665364742279053, 0.6826825737953186, 0.6152104735374451, 0.5613160133361816, 0.5161252021789551, 0.47938773036003113, 0.4481806755065918, 0.4221474528312683, 0.39874863624572754, 0.3802237808704376, 0.36388611793518066, 0.3489146828651428, 0.3348352909088135, 0.32435110211372375, 0.3127586245536804, 0.30379724502563477, 0.2943689525127411, 0.2859451472759247, 0.27813082933425903, 0.2705767750740051, 0.26541927456855774, 0.2585619390010834, 0.2523535192012787, 0.24709796905517578, 0.2419663816690445, 0.23705905675888062, 0.23249204456806183, 0.22826412320137024, 0.22331739962100983, 0.21989303827285767, 0.21683265268802643, 0.21238690614700317, 0.20808660984039307, 0.2062971591949463, 0.20282016694545746, 0.19990834593772888, 0.194863423705101, 0.19308388233184814, 0.19045040011405945, 0.1876825988292694, 0.18395352363586426, 0.18183566629886627, 0.17922522127628326, 0.1759795844554901, 0.17565667629241943, 0.17150002717971802, 0.16981060802936554, 0.16754476726055145, 0.16599266231060028, 0.1625889539718628, 0.16209885478019714, 0.15924246609210968, 0.1572018265724182, 0.15618577599525452, 0.15347206592559814, 0.15173165500164032, 0.15095677971839905, 0.14808352291584015, 0.14582617580890656, 0.14482763409614563, 0.14391955733299255, 0.1422063559293747, 0.13971231877803802, 0.13878902792930603, 0.13671503961086273, 0.1356140524148941, 0.13411077857017517, 0.13231819868087769, 0.13118261098861694, 0.1306469440460205, 0.12915441393852234, 0.1279095709323883]
accuracy_train:91.59166666666667
accuracy_test:96.46
duration:1120.052301645279
