learning_rate:0.001
num_epochs:20
batch_size:400
loss_x:[49, 99, 149, 98, 198, 298, 147, 297, 447, 196, 396, 596, 245, 495, 745, 294, 594, 894, 343, 693, 1043, 392, 792, 1192, 441, 891, 1341, 490, 990, 1490, 539, 1089, 1639, 588, 1188, 1788, 637, 1287, 1937, 686, 1386, 2086, 735, 1485, 2235, 784, 1584, 2384, 833, 1683, 2533, 882, 1782, 2682, 931, 1881, 2831, 980, 1980, 2980]
loss_y:[0.4908581078052521, 0.230682373046875, 0.17341817915439606, 0.12369122356176376, 0.1277277022600174, 0.15439406037330627, 0.12908414006233215, 0.13723862171173096, 0.062467969954013824, 0.07492711395025253, 0.11761288344860077, 0.09318365156650543, 0.09976902604103088, 0.12309792637825012, 0.10112214833498001, 0.07083842903375626, 0.09429491311311722, 0.05832402780652046, 0.05006520822644234, 0.06608052551746368, 0.061164308339357376, 0.0310263279825449, 0.03785226494073868, 0.03714880719780922, 0.0652664378285408, 0.05068613961338997, 0.029597826302051544, 0.020443959161639214, 0.05125880241394043, 0.06887789070606232, 0.018322141841053963, 0.018718456849455833, 0.04508695751428604, 0.036176200956106186, 0.031246954575181007, 0.03042682446539402, 0.057223983108997345, 0.03503919765353203, 0.04989469051361084, 0.044501349329948425, 0.03380020707845688, 0.038947515189647675, 0.020444946363568306, 0.025875642895698547, 0.030608465895056725, 0.062299564480781555, 0.03922072798013687, 0.03863758593797684, 0.025652920827269554, 0.020585935562849045, 0.030263330787420273, 0.03115261159837246, 0.02929185889661312, 0.010952413082122803, 0.028603244572877884, 0.025635598227381706, 0.024606620892882347, 0.03149828314781189, 0.028158878907561302, 0.014270266517996788]
loss_y_test:[0.45861420035362244, 0.2337987869977951, 0.1732923835515976, 0.14413438737392426, 0.12689247727394104, 0.11777717620134354, 0.09971840679645538, 0.0923881083726883, 0.09158230572938919, 0.08645358681678772, 0.08411768078804016, 0.07826481014490128, 0.07093512266874313, 0.06749671697616577, 0.07055247575044632, 0.06633932888507843, 0.06832166016101837, 0.06052987277507782, 0.06169942393898964, 0.05646862834692001, 0.0560394711792469, 0.05261195823550224, 0.05240340158343315, 0.05104602500796318, 0.05027223005890846, 0.05247926712036133, 0.0574193112552166, 0.05719452723860741, 0.046986084431409836, 0.05018187686800957, 0.042952798306941986, 0.0483894869685173, 0.041296638548374176, 0.04890981689095497, 0.04118477925658226, 0.04165904223918915, 0.04041736200451851, 0.04294201359152794, 0.040043819695711136, 0.046998683363199234, 0.03807380050420761, 0.04204687476158142, 0.040622953325510025, 0.036671482026576996, 0.037693701684474945, 0.04276963323354721, 0.04149380326271057, 0.03930383548140526, 0.03897685930132866, 0.04291975125670433, 0.03981070965528488, 0.037998031824827194, 0.04069320857524872, 0.03551347181200981, 0.04180353507399559, 0.037096209824085236, 0.04465312510728836, 0.042580150067806244, 0.03808100149035454, 0.03406612202525139]
accuracy_train:97.825
accuracy_test:98.94
duration:317.13451528549194
