learning_rate:0.0001
num_epochs:20
batch_size:400
loss_x:[49, 99, 149, 98, 198, 298, 147, 297, 447, 196, 396, 596, 245, 495, 745, 294, 594, 894, 343, 693, 1043, 392, 792, 1192, 441, 891, 1341, 490, 990, 1490, 539, 1089, 1639, 588, 1188, 1788, 637, 1287, 1937, 686, 1386, 2086, 735, 1485, 2235, 784, 1584, 2384, 833, 1683, 2533, 882, 1782, 2682, 931, 1881, 2831, 980, 1980, 2980]
loss_y:[2.224383592605591, 1.986201286315918, 1.581018328666687, 1.208984136581421, 0.8501322865486145, 0.6813139915466309, 0.5938869118690491, 0.5172052979469299, 0.4084562361240387, 0.3957708775997162, 0.4249230921268463, 0.3982708752155304, 0.35964614152908325, 0.2932022511959076, 0.3200414776802063, 0.27498406171798706, 0.28548306226730347, 0.26167744398117065, 0.19904476404190063, 0.22678278386592865, 0.21534189581871033, 0.17941638827323914, 0.20984426140785217, 0.1692306399345398, 0.20937499403953552, 0.16666179895401, 0.17305761575698853, 0.15686261653900146, 0.17150376737117767, 0.19017790257930756, 0.18511900305747986, 0.1324186772108078, 0.15992744266986847, 0.12396948039531708, 0.17094387114048004, 0.14857372641563416, 0.09845706820487976, 0.13334162533283234, 0.1507253646850586, 0.1924491822719574, 0.15698230266571045, 0.14148324728012085, 0.18769623339176178, 0.16395621001720428, 0.09672011435031891, 0.18350818753242493, 0.1385500580072403, 0.09750337898731232, 0.12306539714336395, 0.13887053728103638, 0.09460609406232834, 0.15109534561634064, 0.20736852288246155, 0.1377669870853424, 0.08684713393449783, 0.10295030474662781, 0.08616700023412704, 0.0926179513335228, 0.0937102884054184, 0.11937320977449417]
loss_y_test:[2.2085464000701904, 1.9597243070602417, 1.5626089572906494, 1.1644442081451416, 0.8568286299705505, 0.6625703573226929, 0.5416582226753235, 0.46210646629333496, 0.4076513350009918, 0.3666256368160248, 0.33494648337364197, 0.30834126472473145, 0.28958889842033386, 0.27046650648117065, 0.2535833418369293, 0.24083785712718964, 0.23222029209136963, 0.22102758288383484, 0.21558412909507751, 0.2024768590927124, 0.19470475614070892, 0.1898455172777176, 0.18236897885799408, 0.17568859457969666, 0.17068931460380554, 0.1681680679321289, 0.16453424096107483, 0.15907953679561615, 0.15277639031410217, 0.14740444719791412, 0.14530055224895477, 0.1412881761789322, 0.13718517124652863, 0.1365506947040558, 0.1343814879655838, 0.13135145604610443, 0.1278260499238968, 0.1254880577325821, 0.12422416359186172, 0.11908750236034393, 0.1181212067604065, 0.11894339323043823, 0.11664305627346039, 0.1123746708035469, 0.11110077053308487, 0.11222916841506958, 0.10859621316194534, 0.10586561262607574, 0.10606704652309418, 0.10381520539522171, 0.102651447057724, 0.10043993592262268, 0.09867576509714127, 0.09967964142560959, 0.09821867942810059, 0.0972030758857727, 0.09552578628063202, 0.09394059330224991, 0.09369952976703644, 0.09124869108200073]
accuracy_train:90.8875
accuracy_test:97.24
duration:314.732976436615
