learning_rate:1e-05
num_epochs:20
batch_size:400
loss_x:[49, 99, 149, 98, 198, 298, 147, 297, 447, 196, 396, 596, 245, 495, 745, 294, 594, 894, 343, 693, 1043, 392, 792, 1192, 441, 891, 1341, 490, 990, 1490, 539, 1089, 1639, 588, 1188, 1788, 637, 1287, 1937, 686, 1386, 2086, 735, 1485, 2235, 784, 1584, 2384, 833, 1683, 2533, 882, 1782, 2682, 931, 1881, 2831, 980, 1980, 2980]
loss_y:[2.29693341255188, 2.282076597213745, 2.2826642990112305, 2.2655189037323, 2.238670587539673, 2.2262110710144043, 2.1982553005218506, 2.1795341968536377, 2.1637518405914307, 2.1471059322357178, 2.1084296703338623, 2.1022791862487793, 2.036543607711792, 2.0224006175994873, 1.9569015502929688, 1.9335964918136597, 1.8628315925598145, 1.8234624862670898, 1.815279483795166, 1.7978007793426514, 1.7552369832992554, 1.6674244403839111, 1.5768747329711914, 1.5740456581115723, 1.5576473474502563, 1.5205377340316772, 1.4405304193496704, 1.3846102952957153, 1.3645002841949463, 1.3165532350540161, 1.2705365419387817, 1.2692172527313232, 1.2262260913848877, 1.1820268630981445, 1.138913631439209, 1.0816317796707153, 1.1341509819030762, 1.0481966733932495, 1.028122901916504, 1.0177780389785767, 0.9540047645568848, 0.9435138702392578, 0.8830285668373108, 0.9055153131484985, 0.9059246778488159, 0.8751204013824463, 0.8596182465553284, 0.7887094020843506, 0.7703956365585327, 0.7948908805847168, 0.7654942274093628, 0.7449014782905579, 0.7128342986106873, 0.6926336884498596, 0.6682081818580627, 0.6547428369522095, 0.6327722668647766, 0.658812403678894, 0.5863315463066101, 0.6216451525688171]
loss_y_test:[2.297252655029297, 2.2848312854766846, 2.2713327407836914, 2.2556569576263428, 2.238129138946533, 2.2198293209075928, 2.199777603149414, 2.1779348850250244, 2.1543936729431152, 2.1282079219818115, 2.099168300628662, 2.0672948360443115, 2.0328288078308105, 1.9972281455993652, 1.9589897394180298, 1.9199681282043457, 1.879173994064331, 1.8364261388778687, 1.7930787801742554, 1.748680591583252, 1.7030854225158691, 1.6574015617370605, 1.610871434211731, 1.5647052526474, 1.518494725227356, 1.4727866649627686, 1.4275470972061157, 1.3824549913406372, 1.338571310043335, 1.2953791618347168, 1.2539951801300049, 1.214653730392456, 1.1761744022369385, 1.1395982503890991, 1.1045740842819214, 1.0711314678192139, 1.0392122268676758, 1.0092377662658691, 0.9802382588386536, 0.9522581696510315, 0.9257021546363831, 0.9006301760673523, 0.876311719417572, 0.853374719619751, 0.8313919901847839, 0.8102784156799316, 0.7903647422790527, 0.7714955806732178, 0.752819836139679, 0.7353092432022095, 0.7190520763397217, 0.7023479342460632, 0.6873788237571716, 0.6725031137466431, 0.6584312915802002, 0.6448381543159485, 0.6316480040550232, 0.6188352704048157, 0.6072567701339722, 0.5954378843307495]
accuracy_train:63.5
accuracy_test:84.33
duration:318.57039189338684
