learning_rate:1e-05
num_epochs:20
batch_size:400
loss_x:[49, 99, 149, 98, 198, 298, 147, 297, 447, 196, 396, 596, 245, 495, 745, 294, 594, 894, 343, 693, 1043, 392, 792, 1192, 441, 891, 1341, 490, 990, 1490, 539, 1089, 1639, 588, 1188, 1788, 637, 1287, 1937, 686, 1386, 2086, 735, 1485, 2235, 784, 1584, 2384, 833, 1683, 2533, 882, 1782, 2682, 931, 1881, 2831, 980, 1980, 2980]
loss_y:[2.304842948913574, 2.3065943717956543, 2.3000528812408447, 2.29599666595459, 2.2821898460388184, 2.285470962524414, 2.2810213565826416, 2.276564598083496, 2.267296075820923, 2.251314401626587, 2.2560806274414062, 2.234626293182373, 2.23002290725708, 2.2143237590789795, 2.1908278465270996, 2.1477952003479004, 2.1321158409118652, 2.131728172302246, 2.097193717956543, 2.0718066692352295, 2.0417709350585938, 2.000757932662964, 1.968396782875061, 1.9760252237319946, 1.8954356908798218, 1.8644598722457886, 1.8491193056106567, 1.805718183517456, 1.7213598489761353, 1.7339824438095093, 1.6477463245391846, 1.6114494800567627, 1.598251461982727, 1.528489351272583, 1.567906379699707, 1.5511897802352905, 1.4734302759170532, 1.36808443069458, 1.3656034469604492, 1.3569833040237427, 1.2988636493682861, 1.2958457469940186, 1.2228907346725464, 1.2052255868911743, 1.180580735206604, 1.1234476566314697, 1.154556393623352, 1.0606772899627686, 1.0746097564697266, 1.0255517959594727, 1.0134730339050293, 0.9890087246894836, 0.9655560255050659, 0.9768905639648438, 0.9272239804267883, 0.8983950614929199, 0.7958914041519165, 0.8485970497131348, 0.826386034488678, 0.7702206969261169]
loss_y_test:[2.3063554763793945, 2.3034214973449707, 2.3001937866210938, 2.296396493911743, 2.2917723655700684, 2.286522150039673, 2.2806754112243652, 2.273848533630371, 2.265944480895996, 2.2570128440856934, 2.246891498565674, 2.2344226837158203, 2.220019578933716, 2.2040388584136963, 2.1862175464630127, 2.166206121444702, 2.1437344551086426, 2.118131637573242, 2.090254783630371, 2.0606191158294678, 2.028731346130371, 1.9952415227890015, 1.9607141017913818, 1.9251993894577026, 1.8891240358352661, 1.8514394760131836, 1.813913106918335, 1.775937795639038, 1.7380436658859253, 1.6995693445205688, 1.6610839366912842, 1.6225237846374512, 1.5835353136062622, 1.5445677042007446, 1.5056391954421997, 1.4672921895980835, 1.4287261962890625, 1.3909249305725098, 1.353184700012207, 1.3170585632324219, 1.280381679534912, 1.2445045709609985, 1.210044503211975, 1.1763616800308228, 1.1429362297058105, 1.1110254526138306, 1.0810331106185913, 1.0513840913772583, 1.023140549659729, 0.9957466125488281, 0.9698237776756287, 0.9455426931381226, 0.9210665822029114, 0.8987411260604858, 0.8777586221694946, 0.8563396334648132, 0.8369671106338501, 0.8178640007972717, 0.800065815448761, 0.7837401628494263]
accuracy_train:52.71666666666667
accuracy_test:79.16
duration:316.18039894104004
