learning_rate:1e-05
num_epochs:20
batch_size:300
loss_x:[49, 99, 149, 199, 98, 198, 298, 398, 147, 297, 447, 597, 196, 396, 596, 796, 245, 495, 745, 995, 294, 594, 894, 1194, 343, 693, 1043, 1393, 392, 792, 1192, 1592, 441, 891, 1341, 1791, 490, 990, 1490, 1990, 539, 1089, 1639, 2189, 588, 1188, 1788, 2388, 637, 1287, 1937, 2587, 686, 1386, 2086, 2786, 735, 1485, 2235, 2985, 784, 1584, 2384, 3184, 833, 1683, 2533, 3383, 882, 1782, 2682, 3582, 931, 1881, 2831, 3781, 980, 1980, 2980, 3980]
loss_y:[2.3110241889953613, 2.2900919914245605, 2.2843337059020996, 2.256899833679199, 2.253314256668091, 2.242063283920288, 2.226527452468872, 2.213993787765503, 2.1956660747528076, 2.1773014068603516, 2.1694297790527344, 2.1528682708740234, 2.122845411300659, 2.0891149044036865, 2.078148126602173, 2.0507285594940186, 2.0063440799713135, 1.9948958158493042, 1.9437808990478516, 1.9092916250228882, 1.8487483263015747, 1.8185025453567505, 1.787037968635559, 1.7534314393997192, 1.714565634727478, 1.658573865890503, 1.5667170286178589, 1.5798871517181396, 1.513838768005371, 1.498836636543274, 1.3737014532089233, 1.3671578168869019, 1.364320993423462, 1.3246548175811768, 1.250443696975708, 1.264926552772522, 1.2065582275390625, 1.1436020135879517, 1.1355371475219727, 1.1113487482070923, 1.0978924036026, 1.097642421722412, 0.9827141165733337, 0.9870713353157043, 1.0109111070632935, 0.9119277000427246, 0.9071192145347595, 0.8576456904411316, 0.8570873141288757, 0.8024436831474304, 0.8617005348205566, 0.8185662627220154, 0.8587063550949097, 0.7635312676429749, 0.801638662815094, 0.6955878138542175, 0.7459018230438232, 0.683871328830719, 0.7203458547592163, 0.717315673828125, 0.661865770816803, 0.6374229192733765, 0.6098645329475403, 0.6806681156158447, 0.6305387616157532, 0.6608923077583313, 0.6658621430397034, 0.5263209939002991, 0.579818069934845, 0.5531888604164124, 0.61089688539505, 0.5178095102310181, 0.6073178648948669, 0.5574314594268799, 0.5492692589759827, 0.5747016072273254, 0.5436257719993591, 0.5140535831451416, 0.6265785694122314, 0.47960007190704346]
loss_y_test:[2.3082406520843506, 2.2940471172332764, 2.277879476547241, 2.263800621032715, 2.2509732246398926, 2.2374227046966553, 2.2228686809539795, 2.2076780796051025, 2.191704750061035, 2.1741981506347656, 2.155461072921753, 2.1351077556610107, 2.113260269165039, 2.089731216430664, 2.06424617767334, 2.0359814167022705, 2.0036771297454834, 1.9703946113586426, 1.9360798597335815, 1.899902582168579, 1.862173080444336, 1.820351481437683, 1.7785158157348633, 1.7350573539733887, 1.6903947591781616, 1.6451139450073242, 1.599340796470642, 1.5538145303726196, 1.5076591968536377, 1.4624228477478027, 1.417791724205017, 1.3740242719650269, 1.331687092781067, 1.2899272441864014, 1.2503811120986938, 1.2113802433013916, 1.1743563413619995, 1.1389811038970947, 1.1057486534118652, 1.0738452672958374, 1.0431528091430664, 1.0142756700515747, 0.9868432283401489, 0.9604272246360779, 0.9357790350914001, 0.9120610952377319, 0.8890458941459656, 0.8682785034179688, 0.8470436930656433, 0.8280951976776123, 0.8090729117393494, 0.7915758490562439, 0.7747206091880798, 0.759022057056427, 0.7429817318916321, 0.7285265922546387, 0.7137239575386047, 0.7001096606254578, 0.6876765489578247, 0.6742052435874939, 0.662054717540741, 0.6505909562110901, 0.639285683631897, 0.627950131893158, 0.6171523332595825, 0.6068836450576782, 0.5975706577301025, 0.5870975255966187, 0.5782027244567871, 0.5692547559738159, 0.5593608021736145, 0.5506172776222229, 0.5423009991645813, 0.5340813994407654, 0.5259045362472534, 0.5183380842208862, 0.5106965899467468, 0.5031659007072449, 0.496481716632843, 0.489801287651062]
accuracy_train:69.5375
accuracy_test:87.26
duration:347.1603991985321
