learning_rate:0.0001
num_epochs:20
batch_size:300
loss_x:[49, 99, 149, 199, 98, 198, 298, 398, 147, 297, 447, 597, 196, 396, 596, 796, 245, 495, 745, 995, 294, 594, 894, 1194, 343, 693, 1043, 1393, 392, 792, 1192, 1592, 441, 891, 1341, 1791, 490, 990, 1490, 1990, 539, 1089, 1639, 2189, 588, 1188, 1788, 2388, 637, 1287, 1937, 2587, 686, 1386, 2086, 2786, 735, 1485, 2235, 2985, 784, 1584, 2384, 3184, 833, 1683, 2533, 3383, 882, 1782, 2682, 3582, 931, 1881, 2831, 3781, 980, 1980, 2980, 3980]
loss_y:[2.2264771461486816, 2.0107996463775635, 1.6154160499572754, 1.2258824110031128, 0.9238142967224121, 0.753150224685669, 0.6381879448890686, 0.4871518313884735, 0.4840814173221588, 0.46589747071266174, 0.4032401740550995, 0.37341928482055664, 0.2745680510997772, 0.2859567403793335, 0.25307318568229675, 0.3181610703468323, 0.30549293756484985, 0.25939446687698364, 0.24016667902469635, 0.19695423543453217, 0.26186540722846985, 0.19652104377746582, 0.18889006972312927, 0.20822644233703613, 0.21450185775756836, 0.16368423402309418, 0.2520478069782257, 0.14650586247444153, 0.1495298445224762, 0.19983062148094177, 0.16896861791610718, 0.16927188634872437, 0.1116223931312561, 0.18102428317070007, 0.18900832533836365, 0.1650649458169937, 0.1522243767976761, 0.1364728808403015, 0.15442360937595367, 0.23504692316055298, 0.12974964082241058, 0.10414151102304459, 0.1422043740749359, 0.16611143946647644, 0.1495773196220398, 0.15091796219348907, 0.13500910997390747, 0.16341836750507355, 0.12304023653268814, 0.10331663489341736, 0.1483289748430252, 0.10517557710409164, 0.09502309560775757, 0.10779812932014465, 0.08707685768604279, 0.10780474543571472, 0.15642544627189636, 0.1748407483100891, 0.09249667078256607, 0.12106693536043167, 0.07858770340681076, 0.07751241326332092, 0.13124321401119232, 0.09956854581832886, 0.09385588765144348, 0.0684666782617569, 0.1471584439277649, 0.12918758392333984, 0.12424346804618835, 0.10471813380718231, 0.11830358952283859, 0.08544792979955673, 0.11123280972242355, 0.11406684666872025, 0.11067017912864685, 0.09524507075548172, 0.12249055504798889, 0.08476027101278305, 0.0736023560166359, 0.08734887093305588]
loss_y_test:[2.213404417037964, 2.002411127090454, 1.5913476943969727, 1.1462645530700684, 0.8635417819023132, 0.7008286118507385, 0.6076894998550415, 0.5272747874259949, 0.471620112657547, 0.42406541109085083, 0.3818873167037964, 0.3540237247943878, 0.3266139626502991, 0.30221280455589294, 0.2842617928981781, 0.2692202627658844, 0.25118759274482727, 0.23963308334350586, 0.22930662333965302, 0.21803247928619385, 0.20854699611663818, 0.2030697911977768, 0.19600307941436768, 0.18889087438583374, 0.18193817138671875, 0.17607474327087402, 0.1734098494052887, 0.16722571849822998, 0.16199173033237457, 0.15988337993621826, 0.15360301733016968, 0.15166808664798737, 0.15270309150218964, 0.14441561698913574, 0.1413775533437729, 0.14200639724731445, 0.13424231112003326, 0.13418401777744293, 0.13208730518817902, 0.12962143123149872, 0.12556466460227966, 0.1259818971157074, 0.12553389370441437, 0.12321311235427856, 0.11767188459634781, 0.11508812755346298, 0.11590051651000977, 0.11327897012233734, 0.1103082075715065, 0.11126900464296341, 0.10941141843795776, 0.10793829709291458, 0.10746048390865326, 0.10478433966636658, 0.10310513526201248, 0.10513032227754593, 0.10095314681529999, 0.09878820180892944, 0.09814029186964035, 0.09935635328292847, 0.09959448128938675, 0.09743403643369675, 0.09573978930711746, 0.09904681146144867, 0.09711961448192596, 0.09627970308065414, 0.09245514124631882, 0.09743697196245193, 0.089622862637043, 0.08946435153484344, 0.08871690928936005, 0.08737004548311234, 0.08813545852899551, 0.08936610817909241, 0.08601079136133194, 0.08301659673452377, 0.08368184417486191, 0.08286867290735245, 0.08405892550945282, 0.08070501685142517]
accuracy_train:92.2125
accuracy_test:97.67
duration:345.68461060523987
