learning_rate:0.0001
num_epochs:20
batch_size:300
loss_x:[49, 99, 149, 199, 98, 198, 298, 398, 147, 297, 447, 597, 196, 396, 596, 796, 245, 495, 745, 995, 294, 594, 894, 1194, 343, 693, 1043, 1393, 392, 792, 1192, 1592, 441, 891, 1341, 1791, 490, 990, 1490, 1990, 539, 1089, 1639, 2189, 588, 1188, 1788, 2388, 637, 1287, 1937, 2587, 686, 1386, 2086, 2786, 735, 1485, 2235, 2985, 784, 1584, 2384, 3184, 833, 1683, 2533, 3383, 882, 1782, 2682, 3582, 931, 1881, 2831, 3781, 980, 1980, 2980, 3980]
loss_y:[2.287349224090576, 2.220421075820923, 2.034954309463501, 1.5989952087402344, 1.1841635704040527, 0.8437377214431763, 0.7233320474624634, 0.664487361907959, 0.5856074690818787, 0.49437636137008667, 0.48446106910705566, 0.41754022240638733, 0.37216469645500183, 0.38316595554351807, 0.23415231704711914, 0.30232083797454834, 0.343507319688797, 0.30445241928100586, 0.26075491309165955, 0.25259584188461304, 0.21655520796775818, 0.26161104440689087, 0.2695881426334381, 0.23417256772518158, 0.21040679514408112, 0.2264876365661621, 0.2136661261320114, 0.20259824395179749, 0.2123403549194336, 0.16274482011795044, 0.16714878380298615, 0.17385192215442657, 0.13867756724357605, 0.1698397397994995, 0.17801913619041443, 0.17883983254432678, 0.14906062185764313, 0.1965678483247757, 0.20598140358924866, 0.18897521495819092, 0.16434668004512787, 0.14627331495285034, 0.17083896696567535, 0.11377163231372833, 0.17718558013439178, 0.1886294037103653, 0.12122946232557297, 0.15777713060379028, 0.12438982725143433, 0.12644995748996735, 0.13932979106903076, 0.08252070844173431, 0.09603524208068848, 0.1299542635679245, 0.14492738246917725, 0.08600641787052155, 0.09577814489603043, 0.18899066746234894, 0.0905698835849762, 0.12136966735124588, 0.08243287354707718, 0.049629222601652145, 0.10707317292690277, 0.09934545308351517, 0.1468813419342041, 0.06909874081611633, 0.10145477950572968, 0.1237877905368805, 0.12222517281770706, 0.1426243782043457, 0.1060386672616005, 0.10304287821054459, 0.08731292933225632, 0.1324160397052765, 0.11488479375839233, 0.1299181431531906, 0.09060384333133698, 0.0756123960018158, 0.08169591426849365, 0.08263156563043594]
loss_y_test:[2.2852494716644287, 2.2223808765411377, 2.0245821475982666, 1.5860329866409302, 1.1136687994003296, 0.8376880288124084, 0.6870599389076233, 0.5889639854431152, 0.5255542993545532, 0.46442389488220215, 0.42168712615966797, 0.38588500022888184, 0.358903169631958, 0.33421018719673157, 0.31682467460632324, 0.2987263798713684, 0.28618666529655457, 0.2786109149456024, 0.26154112815856934, 0.24978023767471313, 0.2416914999485016, 0.2349376380443573, 0.2285049855709076, 0.21905440092086792, 0.21167774498462677, 0.2049502730369568, 0.20373672246932983, 0.19462262094020844, 0.18843522667884827, 0.18338900804519653, 0.17954161763191223, 0.17737634479999542, 0.17028528451919556, 0.16677549481391907, 0.1620577573776245, 0.15805256366729736, 0.1550249457359314, 0.15273356437683105, 0.14885403215885162, 0.14886891841888428, 0.14756672084331512, 0.14025072753429413, 0.13957519829273224, 0.13542568683624268, 0.1348598450422287, 0.13006697595119476, 0.12956503033638, 0.12877997756004333, 0.1251913607120514, 0.12424906343221664, 0.12101985514163971, 0.11906584352254868, 0.11785100400447845, 0.12016422301530838, 0.12032420188188553, 0.11438734829425812, 0.11173088103532791, 0.1177893802523613, 0.1118634045124054, 0.10990967601537704, 0.10664695501327515, 0.10700410604476929, 0.10502392798662186, 0.10423669219017029, 0.10491394996643066, 0.10157675296068192, 0.10354087501764297, 0.0995800644159317, 0.09757325053215027, 0.09929071366786957, 0.09591225534677505, 0.09459853917360306, 0.0977175384759903, 0.09540347009897232, 0.09433717280626297, 0.09157241135835648, 0.09166888147592545, 0.09107910096645355, 0.09034331887960434, 0.0905139297246933]
accuracy_train:91.23333333333333
accuracy_test:97.19
duration:346.89151072502136
