learning_rate:0.001
num_epochs:20
batch_size:300
loss_x:[49, 99, 149, 199, 98, 198, 298, 398, 147, 297, 447, 597, 196, 396, 596, 796, 245, 495, 745, 995, 294, 594, 894, 1194, 343, 693, 1043, 1393, 392, 792, 1192, 1592, 441, 891, 1341, 1791, 490, 990, 1490, 1990, 539, 1089, 1639, 2189, 588, 1188, 1788, 2388, 637, 1287, 1937, 2587, 686, 1386, 2086, 2786, 735, 1485, 2235, 2985, 784, 1584, 2384, 3184, 833, 1683, 2533, 3383, 882, 1782, 2682, 3582, 931, 1881, 2831, 3781, 980, 1980, 2980, 3980]
loss_y:[1.0689787864685059, 0.425777792930603, 0.327793151140213, 0.19637884199619293, 0.1890891194343567, 0.1333262026309967, 0.20322059094905853, 0.10055525600910187, 0.08299549669027328, 0.1292947381734848, 0.10887644439935684, 0.08534706383943558, 0.09489664435386658, 0.1329871565103531, 0.07036403566598892, 0.049984388053417206, 0.09634308516979218, 0.03633662685751915, 0.10075048357248306, 0.06804021447896957, 0.06448256969451904, 0.034298308193683624, 0.07029299437999725, 0.06293923407793045, 0.04627728834748268, 0.06707118451595306, 0.023683123290538788, 0.07376798242330551, 0.06615517288446426, 0.050456177443265915, 0.05486259609460831, 0.02516825683414936, 0.08200468122959137, 0.05876047909259796, 0.050613682717084885, 0.02285328321158886, 0.02012222446501255, 0.027506975457072258, 0.05703523010015488, 0.04327109828591347, 0.03241470828652382, 0.02981400117278099, 0.03235370293259621, 0.044162727892398834, 0.04363888502120972, 0.02438328228890896, 0.031207773834466934, 0.045945193618535995, 0.029992705211043358, 0.04036540165543556, 0.020371798425912857, 0.0330420657992363, 0.029072793200612068, 0.023777706548571587, 0.031869158148765564, 0.04580599442124367, 0.0680747702717781, 0.025553572922945023, 0.01829383708536625, 0.010813741013407707, 0.05644482746720314, 0.03245110437273979, 0.046323418617248535, 0.010455307550728321, 0.030230486765503883, 0.03624255210161209, 0.01728443056344986, 0.015134064480662346, 0.011760092340409756, 0.01522328332066536, 0.01943599432706833, 0.02081790380179882, 0.017141088843345642, 0.01713371090590954, 0.03334896266460419, 0.007004890590906143, 0.0357186421751976, 0.021197229623794556, 0.01331173162907362, 0.02683374471962452]
loss_y_test:[1.0709421634674072, 0.4240693151950836, 0.28001993894577026, 0.21304017305374146, 0.17801138758659363, 0.1540868729352951, 0.13176874816417694, 0.11305048316717148, 0.11098910868167877, 0.09563770145177841, 0.09291265159845352, 0.07894046604633331, 0.0756654292345047, 0.08027800917625427, 0.0669291764497757, 0.06719286739826202, 0.06468845903873444, 0.06473410874605179, 0.06696392595767975, 0.0567467100918293, 0.05862371250987053, 0.05725795403122902, 0.0539647713303566, 0.056230850517749786, 0.05246741697192192, 0.052669599652290344, 0.04833307862281799, 0.051915958523750305, 0.048109300434589386, 0.04447850584983826, 0.050865765661001205, 0.05084089934825897, 0.04165077582001686, 0.0416046679019928, 0.04313695430755615, 0.04069369658827782, 0.0431273952126503, 0.04203776270151138, 0.041750553995370865, 0.039366528391838074, 0.0456930473446846, 0.037457555532455444, 0.04142626374959946, 0.04470646753907204, 0.0391404964029789, 0.03850867226719856, 0.03742031753063202, 0.04005679860711098, 0.04027814418077469, 0.03668605536222458, 0.0370178148150444, 0.03535086661577225, 0.03950529173016548, 0.03776072338223457, 0.03561050072312355, 0.03545884042978287, 0.04335252195596695, 0.03297683224081993, 0.0359448678791523, 0.03765265643596649, 0.0393383726477623, 0.0373077429831028, 0.03341438248753548, 0.03216937556862831, 0.03437982499599457, 0.03561794385313988, 0.0313585102558136, 0.032736171036958694, 0.03786094859242439, 0.03390295431017876, 0.03598616644740105, 0.032128650695085526, 0.035311125218868256, 0.03274684399366379, 0.035495907068252563, 0.036177072674036026, 0.03180108591914177, 0.03252674639225006, 0.03169781342148781, 0.03245660662651062]
accuracy_train:97.8125
accuracy_test:99.02
duration:348.34053015708923
