learning_rate:1e-05
num_epochs:20
batch_size:300
loss_x:[49, 99, 149, 199, 98, 198, 298, 398, 147, 297, 447, 597, 196, 396, 596, 796, 245, 495, 745, 995, 294, 594, 894, 1194, 343, 693, 1043, 1393, 392, 792, 1192, 1592, 441, 891, 1341, 1791, 490, 990, 1490, 1990, 539, 1089, 1639, 2189, 588, 1188, 1788, 2388, 637, 1287, 1937, 2587, 686, 1386, 2086, 2786, 735, 1485, 2235, 2985, 784, 1584, 2384, 3184, 833, 1683, 2533, 3383, 882, 1782, 2682, 3582, 931, 1881, 2831, 3781, 980, 1980, 2980, 3980]
loss_y:[2.303304672241211, 2.298799753189087, 2.3041574954986572, 2.2991631031036377, 2.297760248184204, 2.2920610904693604, 2.290951728820801, 2.2868292331695557, 2.2845473289489746, 2.2809219360351562, 2.274911403656006, 2.2700843811035156, 2.2633440494537354, 2.255549192428589, 2.2445173263549805, 2.232466459274292, 2.2260475158691406, 2.2052841186523438, 2.194215774536133, 2.1741385459899902, 2.1656978130340576, 2.121154308319092, 2.126087188720703, 2.090656042098999, 2.0730855464935303, 2.0291407108306885, 1.9911432266235352, 1.9677860736846924, 1.972741961479187, 1.8529590368270874, 1.8427144289016724, 1.8116722106933594, 1.7390087842941284, 1.7780128717422485, 1.7244447469711304, 1.6208285093307495, 1.6206984519958496, 1.6226948499679565, 1.6075209379196167, 1.5110068321228027, 1.502504825592041, 1.4546984434127808, 1.3867093324661255, 1.3722068071365356, 1.3685380220413208, 1.2709814310073853, 1.2452313899993896, 1.260396957397461, 1.1447306871414185, 1.1567480564117432, 1.1465915441513062, 1.1032289266586304, 1.0921285152435303, 1.0940483808517456, 1.0528948307037354, 0.9394022822380066, 0.9838245511054993, 0.9810949563980103, 1.016966700553894, 0.8816134929656982, 0.9093154668807983, 0.8655757904052734, 0.8018030524253845, 0.8785595893859863, 0.8157181739807129, 0.8484970331192017, 0.8482176065444946, 0.7754428386688232, 0.7348246574401855, 0.7688589096069336, 0.7711337804794312, 0.6553875803947449, 0.7028059363365173, 0.737697422504425, 0.6145167350769043, 0.6398394703865051, 0.6509296894073486, 0.6416057348251343, 0.6177244186401367, 0.6168146133422852]
loss_y_test:[2.303187608718872, 2.3017632961273193, 2.3001880645751953, 2.2983572483062744, 2.2962262630462646, 2.293895959854126, 2.291059732437134, 2.2875943183898926, 2.2837400436401367, 2.279383659362793, 2.2740530967712402, 2.2677175998687744, 2.2603471279144287, 2.2521231174468994, 2.2426910400390625, 2.2314765453338623, 2.218747615814209, 2.2047414779663086, 2.1893222332000732, 2.1722171306610107, 2.1526334285736084, 2.131197929382324, 2.107454299926758, 2.081958055496216, 2.0541293621063232, 2.0237045288085938, 1.992131233215332, 1.9582064151763916, 1.923058271408081, 1.8866994380950928, 1.8490948677062988, 1.8104358911514282, 1.7710697650909424, 1.7310765981674194, 1.6915112733840942, 1.6522547006607056, 1.6130743026733398, 1.5734388828277588, 1.5344152450561523, 1.496145248413086, 1.4581583738327026, 1.421480417251587, 1.3850173950195312, 1.3500654697418213, 1.3158414363861084, 1.281790018081665, 1.249330997467041, 1.2178601026535034, 1.18648099899292, 1.1565879583358765, 1.1278988122940063, 1.099827766418457, 1.0726672410964966, 1.0465115308761597, 1.0217353105545044, 0.9975837469100952, 0.9742943048477173, 0.9510802030563354, 0.9294161796569824, 0.9082521796226501, 0.8880783319473267, 0.8686531782150269, 0.8500037789344788, 0.8325827717781067, 0.8152104616165161, 0.7980284690856934, 0.7822058200836182, 0.767476499080658, 0.7521311640739441, 0.7388137578964233, 0.7247776389122009, 0.7116368412971497, 0.6991264224052429, 0.6871949434280396, 0.6752854585647583, 0.663772463798523, 0.6527132987976074, 0.6425950527191162, 0.6324410438537598, 0.6223855018615723]
accuracy_train:60.00833333333333
accuracy_test:84.07
duration:344.6543745994568
