learning_rate:0.001
num_epochs:20
batch_size:300
loss_x:[49, 99, 149, 199, 98, 198, 298, 398, 147, 297, 447, 597, 196, 396, 596, 796, 245, 495, 745, 995, 294, 594, 894, 1194, 343, 693, 1043, 1393, 392, 792, 1192, 1592, 441, 891, 1341, 1791, 490, 990, 1490, 1990, 539, 1089, 1639, 2189, 588, 1188, 1788, 2388, 637, 1287, 1937, 2587, 686, 1386, 2086, 2786, 735, 1485, 2235, 2985, 784, 1584, 2384, 3184, 833, 1683, 2533, 3383, 882, 1782, 2682, 3582, 931, 1881, 2831, 3781, 980, 1980, 2980, 3980]
loss_y:[0.485443115234375, 0.32927075028419495, 0.2028205543756485, 0.203544020652771, 0.14436890184879303, 0.16870713233947754, 0.12042723596096039, 0.11127639561891556, 0.11643411964178085, 0.14607524871826172, 0.08027993887662888, 0.074041947722435, 0.12340063601732254, 0.06345845758914948, 0.048622652888298035, 0.05103606730699539, 0.05928223952651024, 0.10873422026634216, 0.0607219822704792, 0.05086233466863632, 0.07141783833503723, 0.03154347091913223, 0.060549356043338776, 0.09767922759056091, 0.0573926605284214, 0.0874289870262146, 0.09214784950017929, 0.10164963454008102, 0.05700571835041046, 0.05600994825363159, 0.02774561569094658, 0.022298486903309822, 0.04650154709815979, 0.05483580753207207, 0.06960022449493408, 0.057881392538547516, 0.023518405854701996, 0.0563540980219841, 0.03214873746037483, 0.053882669657468796, 0.022349834442138672, 0.06985176354646683, 0.019122537225484848, 0.041711367666721344, 0.09377666562795639, 0.05249679461121559, 0.04281006008386612, 0.04096430912613869, 0.02625281736254692, 0.014499511569738388, 0.06683678925037384, 0.04827040806412697, 0.010580383241176605, 0.03416414558887482, 0.028735512867569923, 0.023971009999513626, 0.01256321370601654, 0.018394730985164642, 0.08094169199466705, 0.021524401381611824, 0.012848062440752983, 0.02690296433866024, 0.05887605622410774, 0.016076909378170967, 0.036381520330905914, 0.04059293121099472, 0.013783452101051807, 0.023776719346642494, 0.05333923175930977, 0.05393167957663536, 0.028815297409892082, 0.0823560357093811, 0.033072736114263535, 0.011955294758081436, 0.01239687018096447, 0.0327182300388813, 0.026196327060461044, 0.015769029036164284, 0.007412243634462357, 0.03943541646003723]
loss_y_test:[0.5164464712142944, 0.2902410924434662, 0.21708479523658752, 0.19921791553497314, 0.1449815183877945, 0.13644851744174957, 0.12524881958961487, 0.12108486890792847, 0.1052621603012085, 0.10029668360948563, 0.09384693205356598, 0.08850827813148499, 0.08807779848575592, 0.08757203817367554, 0.08617600053548813, 0.0820380449295044, 0.07633540779352188, 0.0813041627407074, 0.07272928208112717, 0.10132335871458054, 0.06897696852684021, 0.0724017396569252, 0.06914697587490082, 0.06569460779428482, 0.07335864007472992, 0.06802593916654587, 0.07134800404310226, 0.06344468146562576, 0.07095259428024292, 0.05889323726296425, 0.05713428929448128, 0.0693962499499321, 0.05400301143527031, 0.05425374582409859, 0.0648641586303711, 0.052852604538202286, 0.05852703005075455, 0.05515379086136818, 0.04906506463885307, 0.05947250500321388, 0.05346885323524475, 0.05524922162294388, 0.05662545934319496, 0.06476528942584991, 0.06590020656585693, 0.05475718155503273, 0.06471788138151169, 0.05049564316868782, 0.05215619504451752, 0.05243315175175667, 0.05828103423118591, 0.058576371520757675, 0.04869142174720764, 0.0534394271671772, 0.06036807596683502, 0.050226904451847076, 0.050868380814790726, 0.057021643966436386, 0.04986407980322838, 0.04759518429636955, 0.04701831936836243, 0.051365308463573456, 0.05148083716630936, 0.048642151057720184, 0.05133902281522751, 0.056508149951696396, 0.04812014847993851, 0.044900182634592056, 0.050048839300870895, 0.04926976189017296, 0.0524030365049839, 0.0506078340113163, 0.051800649613142014, 0.04455459862947464, 0.04846004769206047, 0.048250436782836914, 0.051646023988723755, 0.05019258335232735, 0.04624077305197716, 0.04750673100352287]
accuracy_train:97.92083333333333
accuracy_test:98.56
duration:345.2814304828644
