learning_rate:0.0001
num_epochs:20
batch_size:400
loss_x:[49, 99, 149, 98, 198, 298, 147, 297, 447, 196, 396, 596, 245, 495, 745, 294, 594, 894, 343, 693, 1043, 392, 792, 1192, 441, 891, 1341, 490, 990, 1490, 539, 1089, 1639, 588, 1188, 1788, 637, 1287, 1937, 686, 1386, 2086, 735, 1485, 2235, 784, 1584, 2384, 833, 1683, 2533, 882, 1782, 2682, 931, 1881, 2831, 980, 1980, 2980]
loss_y:[2.284656286239624, 2.2173402309417725, 1.9542896747589111, 1.4608498811721802, 1.1382319927215576, 0.8037806153297424, 0.7310714721679688, 0.676258385181427, 0.5718656182289124, 0.5663082003593445, 0.4448680877685547, 0.41584575176239014, 0.39724379777908325, 0.4791580140590668, 0.3949977159500122, 0.3138439655303955, 0.29004213213920593, 0.37499240040779114, 0.34898659586906433, 0.27818459272384644, 0.2578233778476715, 0.2523806393146515, 0.2634284496307373, 0.28483521938323975, 0.24785810708999634, 0.17254213988780975, 0.26833808422088623, 0.2585037350654602, 0.24888862669467926, 0.2167297899723053, 0.24399806559085846, 0.22587068378925323, 0.22321197390556335, 0.16184009611606598, 0.15182963013648987, 0.16137920320034027, 0.21420760452747345, 0.2257496416568756, 0.1578989177942276, 0.1820184737443924, 0.146672785282135, 0.2195322960615158, 0.15564876794815063, 0.16097988188266754, 0.1064365953207016, 0.1469619870185852, 0.12621335685253143, 0.13550394773483276, 0.15535180270671844, 0.22185984253883362, 0.13070161640644073, 0.17682607471942902, 0.13817806541919708, 0.15889805555343628, 0.09466466307640076, 0.12934859097003937, 0.13831447064876556, 0.1496894508600235, 0.17101308703422546, 0.1277710199356079]
loss_y_test:[2.2857844829559326, 2.211030960083008, 1.9529926776885986, 1.4959230422973633, 1.0886787176132202, 0.8255230188369751, 0.6616129279136658, 0.5735153555870056, 0.5061452984809875, 0.4628545641899109, 0.4272122085094452, 0.401906818151474, 0.3765382766723633, 0.3553878366947174, 0.33415916562080383, 0.31903645396232605, 0.30182477831840515, 0.2955382764339447, 0.2794801890850067, 0.269088476896286, 0.26135194301605225, 0.2540989816188812, 0.24314017593860626, 0.2366405427455902, 0.22830498218536377, 0.22293081879615784, 0.21736396849155426, 0.2130131721496582, 0.2081710696220398, 0.2022087424993515, 0.20173262059688568, 0.1905726194381714, 0.1861657351255417, 0.18306297063827515, 0.17817911505699158, 0.17412742972373962, 0.17566877603530884, 0.16872760653495789, 0.16585177183151245, 0.16129589080810547, 0.1692696213722229, 0.15913616120815277, 0.15159723162651062, 0.15127891302108765, 0.14695937931537628, 0.14681221544742584, 0.14255373179912567, 0.14437314867973328, 0.1382685899734497, 0.13905192911624908, 0.1340613216161728, 0.13210807740688324, 0.13194096088409424, 0.13053955137729645, 0.12614712119102478, 0.12740983068943024, 0.1262412667274475, 0.12326779216527939, 0.121358722448349, 0.12077672779560089]
accuracy_train:88.09166666666667
accuracy_test:96.07
duration:317.8616349697113
