learning_rate:0.001
num_epochs:20
batch_size:400
loss_x:[49, 99, 149, 98, 198, 298, 147, 297, 447, 196, 396, 596, 245, 495, 745, 294, 594, 894, 343, 693, 1043, 392, 792, 1192, 441, 891, 1341, 490, 990, 1490, 539, 1089, 1639, 588, 1188, 1788, 637, 1287, 1937, 686, 1386, 2086, 735, 1485, 2235, 784, 1584, 2384, 833, 1683, 2533, 882, 1782, 2682, 931, 1881, 2831, 980, 1980, 2980]
loss_y:[0.9320697784423828, 0.3827277719974518, 0.26616770029067993, 0.20441259443759918, 0.1403271108865738, 0.16299152374267578, 0.12796427309513092, 0.10342859476804733, 0.12943421304225922, 0.15186519920825958, 0.1414841115474701, 0.11806926131248474, 0.0944550409913063, 0.053618136793375015, 0.08983965218067169, 0.07586918026208878, 0.08530889451503754, 0.10932578146457672, 0.07432606816291809, 0.0721520185470581, 0.049905452877283096, 0.05465402454137802, 0.056732043623924255, 0.09526432305574417, 0.02790326438844204, 0.04896781966090202, 0.05764758959412575, 0.050939712673425674, 0.062413159757852554, 0.039302121847867966, 0.0509505495429039, 0.06858169287443161, 0.06883130222558975, 0.05918613821268082, 0.057612430304288864, 0.05497683584690094, 0.05702725052833557, 0.0895649790763855, 0.04144539684057236, 0.058800458908081055, 0.06604714691638947, 0.047653235495090485, 0.056000109761953354, 0.025499550625681877, 0.020281244069337845, 0.025572579354047775, 0.026582226157188416, 0.023539459332823753, 0.044348523020744324, 0.018354862928390503, 0.035637401044368744, 0.020388124510645866, 0.03386685997247696, 0.028673969209194183, 0.053117189556360245, 0.04314723610877991, 0.05155128613114357, 0.03713414818048477, 0.055603232234716415, 0.02262941189110279]
loss_y_test:[0.8204180002212524, 0.3572438955307007, 0.2451818436384201, 0.18920525908470154, 0.1579180359840393, 0.15219183266162872, 0.12254603207111359, 0.13438239693641663, 0.10607214272022247, 0.10405363887548447, 0.09536546468734741, 0.08903223276138306, 0.09680111706256866, 0.08230169117450714, 0.07844758778810501, 0.08923295885324478, 0.08034080266952515, 0.06608696281909943, 0.07724449038505554, 0.06693139672279358, 0.06823413074016571, 0.0632423385977745, 0.061724018305540085, 0.06244877353310585, 0.05555067956447601, 0.05738864094018936, 0.05445424094796181, 0.050771646201610565, 0.053237851709127426, 0.05544554069638252, 0.06072632968425751, 0.04882747307419777, 0.050722766667604446, 0.04827921837568283, 0.048372164368629456, 0.047379814088344574, 0.043311238288879395, 0.05031226947903633, 0.041214920580387115, 0.04324590787291527, 0.06311600655317307, 0.046902794390916824, 0.0421450138092041, 0.04024164751172066, 0.045271147042512894, 0.03963940963149071, 0.03915907070040703, 0.03790932521224022, 0.04875517264008522, 0.04062625393271446, 0.040390949696302414, 0.048746638000011444, 0.04565375670790672, 0.051433973014354706, 0.03978946805000305, 0.03782157972455025, 0.03656720370054245, 0.04209555312991142, 0.03617339953780174, 0.03973125293850899]
accuracy_train:97.11666666666666
accuracy_test:98.68
duration:317.4287917613983
