learning_rate:0.0001
num_epochs:20
batch_size:256
loss_x:[49, 99, 149, 199, 98, 198, 298, 398, 147, 297, 447, 597, 196, 396, 596, 796, 245, 495, 745, 995, 294, 594, 894, 1194, 343, 693, 1043, 1393, 392, 792, 1192, 1592, 441, 891, 1341, 1791, 490, 990, 1490, 1990, 539, 1089, 1639, 2189, 588, 1188, 1788, 2388, 637, 1287, 1937, 2587, 686, 1386, 2086, 2786, 735, 1485, 2235, 2985, 784, 1584, 2384, 3184, 833, 1683, 2533, 3383, 882, 1782, 2682, 3582, 931, 1881, 2831, 3781, 980, 1980, 2980, 3980]
loss_y:[2.063166618347168, 1.332533836364746, 0.67812579870224, 0.42948073148727417, 0.39802640676498413, 0.393817663192749, 0.37862759828567505, 0.24430587887763977, 0.354423463344574, 0.2899617552757263, 0.2434110790491104, 0.230229914188385, 0.18601977825164795, 0.21191753447055817, 0.21235094964504242, 0.16170766949653625, 0.16350704431533813, 0.16200415790081024, 0.16881467401981354, 0.248543843626976, 0.1122327595949173, 0.1500093936920166, 0.07187922298908234, 0.20336300134658813, 0.11339369416236877, 0.1456853151321411, 0.1324847936630249, 0.15076136589050293, 0.13367226719856262, 0.11689428240060806, 0.09870761632919312, 0.09916050732135773, 0.17176131904125214, 0.08146213740110397, 0.11657407134771347, 0.11633838713169098, 0.08199761807918549, 0.09512191265821457, 0.07470382004976273, 0.06206291913986206, 0.0955234244465828, 0.08252821862697601, 0.1259211003780365, 0.10456547141075134, 0.08622925728559494, 0.08517283946275711, 0.09853535145521164, 0.09220268577337265, 0.0738949179649353, 0.1145259290933609, 0.08274438977241516, 0.11669807881116867, 0.06965968012809753, 0.09894673526287079, 0.07620447874069214, 0.080564945936203, 0.04161110147833824, 0.06216209754347801, 0.038610585033893585, 0.05964823067188263, 0.0574081614613533, 0.04281172528862953, 0.038885537534952164, 0.0744345411658287, 0.06513859331607819, 0.044687043875455856, 0.0781242698431015, 0.040892403572797775, 0.04454703629016876, 0.04993659630417824, 0.046824682503938675, 0.05308586731553078, 0.09014684706926346, 0.011105278506875038, 0.08580293506383896, 0.07018686085939407, 0.06737597286701202, 0.07373812794685364, 0.054254453629255295, 0.0630800649523735]
loss_y_test:[2.035353183746338, 1.288374900817871, 0.7020026445388794, 0.48371514678001404, 0.35864806175231934, 0.3156823217868805, 0.2881133258342743, 0.2732958197593689, 0.23719343543052673, 0.22661001980304718, 0.21475854516029358, 0.20536518096923828, 0.18428906798362732, 0.17442432045936584, 0.17463603615760803, 0.1601574569940567, 0.15052643418312073, 0.1505153328180313, 0.14156630635261536, 0.13800574839115143, 0.126823291182518, 0.12796172499656677, 0.124752938747406, 0.11979188770055771, 0.11391929537057877, 0.11282084882259369, 0.10718643665313721, 0.1083136796951294, 0.10558797419071198, 0.10361001640558243, 0.09670008718967438, 0.09485690295696259, 0.09469675272703171, 0.09589813649654388, 0.0911293625831604, 0.08923114836215973, 0.09054963290691376, 0.0865943506360054, 0.08267884701490402, 0.08472384512424469, 0.08153768628835678, 0.08111773431301117, 0.080131396651268, 0.0799299106001854, 0.07671348005533218, 0.0759180337190628, 0.07615552842617035, 0.07559087127447128, 0.07134755700826645, 0.07092670351266861, 0.07518766820430756, 0.07135475426912308, 0.07474696636199951, 0.06775133311748505, 0.07102914154529572, 0.06638027727603912, 0.06897158920764923, 0.06950429826974869, 0.06468361616134644, 0.06645761430263519, 0.062483467161655426, 0.06331001967191696, 0.06352979689836502, 0.0630309134721756, 0.06531684100627899, 0.05877415090799332, 0.06371284276247025, 0.061295974999666214, 0.06222228333353996, 0.05601046234369278, 0.05913796275854111, 0.059119146317243576, 0.05555840581655502, 0.05585358664393425, 0.05403202027082443, 0.05560346320271492, 0.055917344987392426, 0.05499028041958809, 0.055086612701416016, 0.05564766377210617]
accuracy_train:95.3857421875
accuracy_test:98.13
duration:1112.6918635368347
