learning_rate:0.001
num_epochs:20
batch_size:600
loss_x:[49, 99, 98, 198, 147, 297, 196, 396, 245, 495, 294, 594, 343, 693, 392, 792, 441, 891, 490, 990, 539, 1089, 588, 1188, 637, 1287, 686, 1386, 735, 1485, 784, 1584, 833, 1683, 882, 1782, 931, 1881, 980, 1980]
loss_y:[0.17378313839435577, 0.13750684261322021, 0.07846739888191223, 0.09290409833192825, 0.07553541660308838, 0.06459591537714005, 0.03292142227292061, 0.04195756837725639, 0.046457886695861816, 0.03406817093491554, 0.039882842451334, 0.028224408626556396, 0.01863246224820614, 0.02208377607166767, 0.017338139936327934, 0.017516346648335457, 0.023751018568873405, 0.01768477074801922, 0.034977950155735016, 0.01979239284992218, 0.005184522829949856, 0.012028506025671959, 0.042022954672575, 0.010373780503869057, 0.013578195124864578, 0.006538842339068651, 0.0028567537665367126, 0.010329722426831722, 0.002467634854838252, 0.0070534031838178635, 0.0026424836833029985, 0.0066825938411056995, 0.002649248344823718, 0.008893006481230259, 0.004025443457067013, 0.008042830042541027, 0.0012159275356680155, 0.010061620734632015, 0.0017141401767730713, 0.0014067660085856915]
loss_y_test:[0.20108748972415924, 0.10433264821767807, 0.08232228457927704, 0.07442362606525421, 0.06395076215267181, 0.060557927936315536, 0.046852704137563705, 0.054129458963871, 0.04562738165259361, 0.05153065547347069, 0.04290780425071716, 0.03896962106227875, 0.035695116966962814, 0.0330839566886425, 0.0314934141933918, 0.03609396517276764, 0.03840705379843712, 0.038783375173807144, 0.032958418130874634, 0.035990290343761444, 0.03357383608818054, 0.03510565683245659, 0.03560200333595276, 0.03256814926862717, 0.049338266253471375, 0.04085006192326546, 0.03581927344202995, 0.032946277409791946, 0.03663593903183937, 0.0399572029709816, 0.04121238365769386, 0.03835655376315117, 0.0396387092769146, 0.04033919796347618, 0.04223299399018288, 0.04300680011510849, 0.041902314871549606, 0.042714186012744904, 0.03775571286678314, 0.041728757321834564]
accuracy_train:99.09583333333333
accuracy_test:99.0
duration:1015.720641374588
