learning_rate:0.0001
num_epochs:20
batch_size:600
loss_x:[49, 99, 98, 198, 147, 297, 196, 396, 245, 495, 294, 594, 343, 693, 392, 792, 441, 891, 490, 990, 539, 1089, 588, 1188, 637, 1287, 686, 1386, 735, 1485, 784, 1584, 833, 1683, 882, 1782, 931, 1881, 980, 1980]
loss_y:[1.8803120851516724, 1.008361577987671, 0.6386130452156067, 0.5166194438934326, 0.39917269349098206, 0.3651271164417267, 0.3370218276977539, 0.32846787571907043, 0.3218882977962494, 0.33792468905448914, 0.268013060092926, 0.21651047468185425, 0.2576085925102234, 0.20331527292728424, 0.2731754779815674, 0.2519819736480713, 0.18071821331977844, 0.2604086101055145, 0.18946748971939087, 0.1819096952676773, 0.18209557235240936, 0.11202283203601837, 0.14220371842384338, 0.16067267954349518, 0.15906204283237457, 0.16432984173297882, 0.17895753681659698, 0.13656294345855713, 0.15002302825450897, 0.16633351147174835, 0.17481374740600586, 0.10451041907072067, 0.11666394770145416, 0.1290840357542038, 0.11206279695034027, 0.14836959540843964, 0.09665361791849136, 0.11896143853664398, 0.11194221675395966, 0.09122729301452637]
loss_y_test:[1.8391226530075073, 1.007978916168213, 0.5959633588790894, 0.4582022726535797, 0.39250531792640686, 0.35345086455345154, 0.325512558221817, 0.31362801790237427, 0.2961943745613098, 0.27616605162620544, 0.2662222683429718, 0.250921368598938, 0.24322335422039032, 0.23255908489227295, 0.22185242176055908, 0.21451565623283386, 0.2068563848733902, 0.19994772970676422, 0.19387173652648926, 0.18638810515403748, 0.1820645034313202, 0.1734173446893692, 0.16726639866828918, 0.16144727170467377, 0.16058391332626343, 0.1535508930683136, 0.1499864012002945, 0.1445680856704712, 0.1404433399438858, 0.13920895755290985, 0.13341838121414185, 0.12975580990314484, 0.125748872756958, 0.12136421352624893, 0.12542559206485748, 0.11935938149690628, 0.11461794376373291, 0.11175178736448288, 0.11106289178133011, 0.10631061345338821]
accuracy_train:92.38333333333334
accuracy_test:96.86
duration:973.5358922481537
