learning_rate:1e-05
num_epochs:20
batch_size:600
loss_x:[49, 99, 98, 198, 147, 297, 196, 396, 245, 495, 294, 594, 343, 693, 392, 792, 441, 891, 490, 990, 539, 1089, 588, 1188, 637, 1287, 686, 1386, 735, 1485, 784, 1584, 833, 1683, 882, 1782, 931, 1881, 980, 1980]
loss_y:[2.249615430831909, 2.164501905441284, 2.075284481048584, 1.961236834526062, 1.8247538805007935, 1.7012429237365723, 1.5631259679794312, 1.3783531188964844, 1.2204347848892212, 1.1612406969070435, 1.0152339935302734, 0.9450146555900574, 0.8701205253601074, 0.7608558535575867, 0.7728358507156372, 0.653525710105896, 0.64337557554245, 0.5869383811950684, 0.5106582045555115, 0.5541899800300598, 0.47200486063957214, 0.4547891616821289, 0.5122200846672058, 0.41130712628364563, 0.39168888330459595, 0.4103892743587494, 0.44391271471977234, 0.40294864773750305, 0.3669402301311493, 0.36843156814575195, 0.35235923528671265, 0.3425480127334595, 0.33108335733413696, 0.3366641104221344, 0.30652809143066406, 0.2939146161079407, 0.3440890610218048, 0.2949647605419159, 0.31847408413887024, 0.27338218688964844]
loss_y_test:[2.24621844291687, 2.162787914276123, 2.064329147338867, 1.9479316473007202, 1.8169795274734497, 1.6742305755615234, 1.5287861824035645, 1.3867160081863403, 1.2527954578399658, 1.1304258108139038, 1.0196905136108398, 0.9226224422454834, 0.8399789929389954, 0.7661797404289246, 0.7056741118431091, 0.653373658657074, 0.6087183952331543, 0.5713722705841064, 0.5394126176834106, 0.5111660361289978, 0.4867686629295349, 0.4658229947090149, 0.44658374786376953, 0.4299435615539551, 0.4151785671710968, 0.4014754593372345, 0.3891075849533081, 0.377915620803833, 0.36779603362083435, 0.35770830512046814, 0.34962520003318787, 0.3416403532028198, 0.3340420722961426, 0.32706552743911743, 0.32054388523101807, 0.31447163224220276, 0.30840885639190674, 0.3039186894893646, 0.29944249987602234, 0.2932194769382477]
accuracy_train:84.1625
accuracy_test:92.11
duration:1019.629688501358
