learning_rate:1e-05
num_epochs:20
batch_size:256
loss_x:[49, 99, 149, 199, 98, 198, 298, 398, 147, 297, 447, 597, 196, 396, 596, 796, 245, 495, 745, 995, 294, 594, 894, 1194, 343, 693, 1043, 1393, 392, 792, 1192, 1592, 441, 891, 1341, 1791, 490, 990, 1490, 1990, 539, 1089, 1639, 2189, 588, 1188, 1788, 2388, 637, 1287, 1937, 2587, 686, 1386, 2086, 2786, 735, 1485, 2235, 2985, 784, 1584, 2384, 3184, 833, 1683, 2533, 3383, 882, 1782, 2682, 3582, 931, 1881, 2831, 3781, 980, 1980, 2980, 3980]
loss_y:[2.279660224914551, 2.2297537326812744, 2.1988308429718018, 2.1140098571777344, 1.9822489023208618, 1.8609182834625244, 1.7871885299682617, 1.6684082746505737, 1.4693446159362793, 1.3259694576263428, 1.2604533433914185, 1.185900330543518, 1.0687874555587769, 0.9259782433509827, 0.9254801273345947, 0.837303876876831, 0.6811421513557434, 0.6831584572792053, 0.6549608707427979, 0.5751826167106628, 0.6044516563415527, 0.6083787679672241, 0.5742793083190918, 0.5810081958770752, 0.49461793899536133, 0.4050421714782715, 0.4830188751220703, 0.5072280168533325, 0.416983425617218, 0.35247400403022766, 0.48520976305007935, 0.3780200183391571, 0.3849189877510071, 0.3555809259414673, 0.36361223459243774, 0.3391893804073334, 0.3504795432090759, 0.44440799951553345, 0.2891693711280823, 0.3441459536552429, 0.33770906925201416, 0.2767335772514343, 0.28732526302337646, 0.32647135853767395, 0.3827178180217743, 0.35838836431503296, 0.21262437105178833, 0.31735464930534363, 0.25962018966674805, 0.21852003037929535, 0.3000222444534302, 0.40041640400886536, 0.29696229100227356, 0.2996511459350586, 0.27070677280426025, 0.30835726857185364, 0.21677392721176147, 0.37885260581970215, 0.21178209781646729, 0.23258580267429352, 0.23634807765483856, 0.28472256660461426, 0.36090296506881714, 0.2810637950897217, 0.17475353181362152, 0.26472535729408264, 0.23563474416732788, 0.23501980304718018, 0.27287957072257996, 0.2535025477409363, 0.21921658515930176, 0.2329963743686676, 0.20395386219024658, 0.14434565603733063, 0.29366105794906616, 0.26847580075263977, 0.18715399503707886, 0.238072469830513, 0.14200358092784882, 0.21647018194198608]
loss_y_test:[2.274841070175171, 2.233879327774048, 2.1773486137390137, 2.109381914138794, 1.963021993637085, 1.8629337549209595, 1.755019187927246, 1.6425307989120483, 1.4485136270523071, 1.3390220403671265, 1.2347139120101929, 1.1389126777648926, 0.9979788661003113, 0.9262601137161255, 0.8619287610054016, 0.8076395988464355, 0.7272856831550598, 0.6866888999938965, 0.6522168517112732, 0.6214661598205566, 0.5753419995307922, 0.5526694655418396, 0.5319259762763977, 0.5116838812828064, 0.48295360803604126, 0.4686308801174164, 0.45515599846839905, 0.4412190914154053, 0.42222827672958374, 0.4127829074859619, 0.40319809317588806, 0.39457184076309204, 0.3797599673271179, 0.3711608350276947, 0.3641921877861023, 0.35833242535591125, 0.3466751277446747, 0.3412613272666931, 0.33733272552490234, 0.3304218053817749, 0.3219394385814667, 0.317269504070282, 0.3129120469093323, 0.3094567358493805, 0.3019530177116394, 0.2984786033630371, 0.29404011368751526, 0.290743887424469, 0.2876461148262024, 0.2810773253440857, 0.2787059247493744, 0.2750757932662964, 0.2703060507774353, 0.2676328122615814, 0.2656609117984772, 0.2624325156211853, 0.2581830620765686, 0.25594380497932434, 0.2538882791996002, 0.2508266568183899, 0.24638116359710693, 0.24532851576805115, 0.2423841506242752, 0.23987345397472382, 0.2396678626537323, 0.23443810641765594, 0.23386546969413757, 0.23204410076141357, 0.2284747064113617, 0.22593657672405243, 0.2240501195192337, 0.2226807326078415, 0.21995946764945984, 0.21790702641010284, 0.21511748433113098, 0.21510405838489532, 0.21116094291210175, 0.20936723053455353, 0.20933130383491516, 0.20634333789348602]
accuracy_train:85.0146484375
accuracy_test:94.16
duration:1065.6117601394653
