learning_rate:0.0001
num_epochs:20
batch_size:600
loss_x:[49, 99, 98, 198, 147, 297, 196, 396, 245, 495, 294, 594, 343, 693, 392, 792, 441, 891, 490, 990, 539, 1089, 588, 1188, 637, 1287, 686, 1386, 735, 1485, 784, 1584, 833, 1683, 882, 1782, 931, 1881, 980, 1980]
loss_y:[0.5300504565238953, 0.3669831454753876, 0.19411005079746246, 0.15990276634693146, 0.18615329265594482, 0.16742196679115295, 0.11721857637166977, 0.1040133684873581, 0.10687684267759323, 0.09021477401256561, 0.08903975784778595, 0.09802518039941788, 0.07933437824249268, 0.09802066534757614, 0.06898881494998932, 0.09695776551961899, 0.07623878866434097, 0.05101299658417702, 0.062430933117866516, 0.07383444905281067, 0.03431771695613861, 0.04469195380806923, 0.039870601147413254, 0.051303450018167496, 0.03641686961054802, 0.03164248540997505, 0.03468898683786392, 0.04905259609222412, 0.03738982230424881, 0.05177730694413185, 0.040028635412454605, 0.037929486483335495, 0.02886471152305603, 0.0468904972076416, 0.02841131202876568, 0.03925780579447746, 0.03338222950696945, 0.025105418637394905, 0.02682132087647915, 0.05424921587109566]
loss_y_test:[0.5382388830184937, 0.311491459608078, 0.24089644849300385, 0.19488370418548584, 0.16425590217113495, 0.14080007374286652, 0.12471159547567368, 0.11141058802604675, 0.10336397588253021, 0.09389658272266388, 0.08678270131349564, 0.08308775722980499, 0.082163505256176, 0.07409965991973877, 0.07144957035779953, 0.06755044311285019, 0.06530404835939407, 0.06591902673244476, 0.06014084070920944, 0.06028750538825989, 0.06009729579091072, 0.05589328706264496, 0.05526820570230484, 0.051139481365680695, 0.05078569054603577, 0.05455343797802925, 0.05021011829376221, 0.05003201216459274, 0.04784457013010979, 0.04538074880838394, 0.04792436584830284, 0.04652506485581398, 0.045457687228918076, 0.044197190552949905, 0.044840481132268906, 0.04693374037742615, 0.04512104019522667, 0.041672199964523315, 0.043504271656274796, 0.04423937201499939]
accuracy_train:97.49166666666666
accuracy_test:98.56
duration:959.9727621078491
