learning_rate:1e-05
num_epochs:20
batch_size:600
loss_x:[49, 99, 98, 198, 147, 297, 196, 396, 245, 495, 294, 594, 343, 693, 392, 792, 441, 891, 490, 990, 539, 1089, 588, 1188, 637, 1287, 686, 1386, 735, 1485, 784, 1584, 833, 1683, 882, 1782, 931, 1881, 980, 1980]
loss_y:[2.1153836250305176, 1.8597394227981567, 1.643747329711914, 1.385897159576416, 1.1831929683685303, 0.9846824407577515, 0.857530415058136, 0.7560513019561768, 0.6730441451072693, 0.5663348436355591, 0.5907447338104248, 0.534537136554718, 0.44951650500297546, 0.4445749521255493, 0.4243216812610626, 0.4169411063194275, 0.4289013743400574, 0.39499735832214355, 0.3368021845817566, 0.357904314994812, 0.325299471616745, 0.3102603852748871, 0.2896127700805664, 0.30855244398117065, 0.29825669527053833, 0.2673826813697815, 0.29604393243789673, 0.26142510771751404, 0.2688312232494354, 0.25678741931915283, 0.24643737077713013, 0.2204575538635254, 0.22971130907535553, 0.20042510330677032, 0.22419309616088867, 0.2176712304353714, 0.2607804834842682, 0.20106621086597443, 0.1691218763589859, 0.18799464404582977]
loss_y_test:[2.110133409500122, 1.8534960746765137, 1.5936954021453857, 1.3521966934204102, 1.1484326124191284, 0.980587363243103, 0.8478282690048218, 0.7459894418716431, 0.6648774743080139, 0.6012994647026062, 0.55067378282547, 0.5077390670776367, 0.4725585877895355, 0.44319456815719604, 0.4180313050746918, 0.3965652585029602, 0.3782174289226532, 0.3605917692184448, 0.345846951007843, 0.3324790298938751, 0.3204917311668396, 0.3101808726787567, 0.29998862743377686, 0.28988826274871826, 0.2810235023498535, 0.2736915647983551, 0.26688796281814575, 0.2597894072532654, 0.2531127333641052, 0.24756701290607452, 0.24107450246810913, 0.23539254069328308, 0.22990471124649048, 0.22532688081264496, 0.22080275416374207, 0.2154146432876587, 0.21154075860977173, 0.20752570033073425, 0.20223025977611542, 0.1992347538471222]
accuracy_train:88.46666666666667
accuracy_test:94.75
duration:987.2394490242004
