learning_rate:0.0001
num_epochs:20
batch_size:256
loss_x:[49, 99, 149, 199, 98, 198, 298, 398, 147, 297, 447, 597, 196, 396, 596, 796, 245, 495, 745, 995, 294, 594, 894, 1194, 343, 693, 1043, 1393, 392, 792, 1192, 1592, 441, 891, 1341, 1791, 490, 990, 1490, 1990, 539, 1089, 1639, 2189, 588, 1188, 1788, 2388, 637, 1287, 1937, 2587, 686, 1386, 2086, 2786, 735, 1485, 2235, 2985, 784, 1584, 2384, 3184, 833, 1683, 2533, 3383, 882, 1782, 2682, 3582, 931, 1881, 2831, 3781, 980, 1980, 2980, 3980]
loss_y:[0.8042672276496887, 0.43971094489097595, 0.3683510422706604, 0.19899620115756989, 0.23450209200382233, 0.1320117563009262, 0.1449415534734726, 0.17465214431285858, 0.09636770188808441, 0.15594981610774994, 0.10476207733154297, 0.0604417622089386, 0.10341206938028336, 0.10012903809547424, 0.09424520283937454, 0.08187761902809143, 0.06263551115989685, 0.06971436738967896, 0.07090409845113754, 0.07907631993293762, 0.0646795928478241, 0.08035922795534134, 0.06276735663414001, 0.05617545172572136, 0.06808004528284073, 0.033517345786094666, 0.07268799096345901, 0.026339665055274963, 0.07037767767906189, 0.04584866762161255, 0.054201606661081314, 0.106912761926651, 0.02553468383848667, 0.066202811896801, 0.018387561663985252, 0.0558687187731266, 0.06186317652463913, 0.028926707804203033, 0.023099364712834358, 0.03712878376245499, 0.023115083575248718, 0.040548957884311676, 0.040139589458703995, 0.051358792930841446, 0.05320800095796585, 0.02910153567790985, 0.03626668080687523, 0.02744978666305542, 0.037672046571969986, 0.01248154230415821, 0.030230673030018806, 0.02743510901927948, 0.042388539761304855, 0.020048005506396294, 0.015220560133457184, 0.03184616565704346, 0.05548981577157974, 0.0405435673892498, 0.021215079352259636, 0.037908490747213364, 0.019635310396552086, 0.03509761020541191, 0.022619005292654037, 0.019230792298913002, 0.02910977602005005, 0.012937752529978752, 0.0048577734269201756, 0.013752750121057034, 0.015582176856696606, 0.004870654083788395, 0.04749932512640953, 0.011209496296942234, 0.012612919323146343, 0.011447005905210972, 0.011230471543967724, 0.023796314373612404, 0.00984360370784998, 0.01740151084959507, 0.011897805146872997, 0.009668068960309029]
loss_y_test:[0.7251684665679932, 0.35608214139938354, 0.26207756996154785, 0.21578311920166016, 0.1705406904220581, 0.15236124396324158, 0.14423701167106628, 0.13274343311786652, 0.11552870273590088, 0.12053968757390976, 0.10417158901691437, 0.09779594838619232, 0.09174802154302597, 0.08608246594667435, 0.08263777196407318, 0.08338751643896103, 0.07734370231628418, 0.07567326724529266, 0.06786081939935684, 0.07137379795312881, 0.0668652206659317, 0.06310223042964935, 0.05977742001414299, 0.05914994329214096, 0.058296091854572296, 0.056686002761125565, 0.0557313933968544, 0.05437386780977249, 0.05233728885650635, 0.05129460245370865, 0.05198746919631958, 0.05139830708503723, 0.05514632537961006, 0.05475977808237076, 0.050636790692806244, 0.04928862676024437, 0.047927938401699066, 0.05062517523765564, 0.046352218836545944, 0.05295386165380478, 0.04878578335046768, 0.04384143650531769, 0.048220209777355194, 0.045347198843955994, 0.04506376385688782, 0.04416479915380478, 0.0431077815592289, 0.045584000647068024, 0.0448978915810585, 0.042110756039619446, 0.04043218865990639, 0.04097553715109825, 0.044104743748903275, 0.04009300842881203, 0.04244902729988098, 0.04390374571084976, 0.03845328837633133, 0.040220774710178375, 0.043515343219041824, 0.03840181976556778, 0.03884869068861008, 0.03760268911719322, 0.042299091815948486, 0.03811190649867058, 0.04356270283460617, 0.04144098609685898, 0.0374695360660553, 0.03747846931219101, 0.03729409724473953, 0.04209854081273079, 0.04033897444605827, 0.03742804005742073, 0.03808184713125229, 0.036137983202934265, 0.04032059758901596, 0.038035888224840164, 0.03922496363520622, 0.03533269464969635, 0.03845362737774849, 0.03842983767390251]
accuracy_train:98.0615234375
accuracy_test:98.75
duration:1121.4201319217682
