learning_rate:0.001
num_epochs:20
batch_size:600
loss_x:[49, 99, 98, 198, 147, 297, 196, 396, 245, 495, 294, 594, 343, 693, 392, 792, 441, 891, 490, 990, 539, 1089, 588, 1188, 637, 1287, 686, 1386, 735, 1485, 784, 1584, 833, 1683, 882, 1782, 931, 1881, 980, 1980]
loss_y:[0.31105172634124756, 0.2527962923049927, 0.15132635831832886, 0.13170108199119568, 0.09918554127216339, 0.09943795949220657, 0.0803123265504837, 0.07099778950214386, 0.0790838673710823, 0.08978087455034256, 0.0630214512348175, 0.04475455358624458, 0.04500227048993111, 0.05620307847857475, 0.0162686575204134, 0.03802238404750824, 0.02925625443458557, 0.044547032564878464, 0.02782299928367138, 0.020520344376564026, 0.03825761750340462, 0.030575037002563477, 0.007962686941027641, 0.017655659466981888, 0.026949221268296242, 0.0395878329873085, 0.02854269929230213, 0.014124195091426373, 0.028010688722133636, 0.02033989503979683, 0.01187111809849739, 0.009606157429516315, 0.021227989345788956, 0.024791216477751732, 0.010655885562300682, 0.02701614424586296, 0.015016242861747742, 0.03382185101509094, 0.0064836712554097176, 0.008612033911049366]
loss_y_test:[0.32978907227516174, 0.19846057891845703, 0.14435012638568878, 0.11705631017684937, 0.09693914651870728, 0.0854070633649826, 0.07300001382827759, 0.07788389176130295, 0.07086695730686188, 0.05579308047890663, 0.0663461834192276, 0.05258835107088089, 0.04816489294171333, 0.0537150576710701, 0.04865773394703865, 0.044728584587574005, 0.04160596802830696, 0.040852952748537064, 0.03988441824913025, 0.044320330023765564, 0.042441677302122116, 0.04121091961860657, 0.04153188318014145, 0.037650879472494125, 0.03949861600995064, 0.04214625060558319, 0.03683793544769287, 0.038936447352170944, 0.042975496500730515, 0.04049329087138176, 0.0398869551718235, 0.04123523086309433, 0.036444153636693954, 0.03837210312485695, 0.04124349728226662, 0.03972025215625763, 0.04101613536477089, 0.04565178230404854, 0.039649657905101776, 0.03993964195251465]
accuracy_train:98.32916666666667
accuracy_test:98.78
duration:1063.030553817749
