learning_rate:1e-05
num_epochs:20
batch_size:256
loss_x:[49, 99, 149, 199, 98, 198, 298, 398, 147, 297, 447, 597, 196, 396, 596, 796, 245, 495, 745, 995, 294, 594, 894, 1194, 343, 693, 1043, 1393, 392, 792, 1192, 1592, 441, 891, 1341, 1791, 490, 990, 1490, 1990, 539, 1089, 1639, 2189, 588, 1188, 1788, 2388, 637, 1287, 1937, 2587, 686, 1386, 2086, 2786, 735, 1485, 2235, 2985, 784, 1584, 2384, 3184, 833, 1683, 2533, 3383, 882, 1782, 2682, 3582, 931, 1881, 2831, 3781, 980, 1980, 2980, 3980]
loss_y:[2.200093984603882, 2.0485799312591553, 1.8953027725219727, 1.7565275430679321, 1.4024173021316528, 1.2544116973876953, 1.1202998161315918, 0.9837387800216675, 0.8228583335876465, 0.7722107768058777, 0.6872219443321228, 0.5870279669761658, 0.6551141738891602, 0.5247485637664795, 0.5472649335861206, 0.5501465797424316, 0.4753740429878235, 0.4251340329647064, 0.4316670596599579, 0.41074687242507935, 0.3664635419845581, 0.3609001636505127, 0.395515114068985, 0.31584009528160095, 0.3264090418815613, 0.35189366340637207, 0.28230521082878113, 0.2722029387950897, 0.2650090456008911, 0.26074308156967163, 0.2942071855068207, 0.2677220106124878, 0.29618746042251587, 0.23517775535583496, 0.3686090409755707, 0.23431706428527832, 0.22054223716259003, 0.25807875394821167, 0.25582537055015564, 0.28305584192276, 0.2674044668674469, 0.21749982237815857, 0.20646536350250244, 0.24200430512428284, 0.2136433720588684, 0.20529378950595856, 0.14481569826602936, 0.16317979991436005, 0.2173485904932022, 0.1277451366186142, 0.2145313024520874, 0.2715008556842804, 0.19112561643123627, 0.16929078102111816, 0.15827307105064392, 0.12973913550376892, 0.197468563914299, 0.20339493453502655, 0.13499225676059723, 0.21470719575881958, 0.1352889984846115, 0.14931583404541016, 0.12378265708684921, 0.22362872958183289, 0.13616852462291718, 0.19805844128131866, 0.1538233906030655, 0.1939726620912552, 0.17672105133533478, 0.17555853724479675, 0.19820833206176758, 0.1645827740430832, 0.11511010676622391, 0.19008755683898926, 0.19602565467357635, 0.12898054718971252, 0.1660510152578354, 0.14016741514205933, 0.16866876184940338, 0.17534543573856354]
loss_y_test:[2.197558879852295, 2.0531322956085205, 1.8784151077270508, 1.699808120727539, 1.4077980518341064, 1.252905011177063, 1.1188218593597412, 0.9977966547012329, 0.834518551826477, 0.7603027820587158, 0.6981488466262817, 0.6465264558792114, 0.5759695768356323, 0.5405710935592651, 0.511613130569458, 0.4848315715789795, 0.4471825659275055, 0.4278983473777771, 0.41092443466186523, 0.39522916078567505, 0.3719722628593445, 0.3605879545211792, 0.3484122157096863, 0.3378940224647522, 0.3227299451828003, 0.3132912814617157, 0.3053472638130188, 0.29827815294265747, 0.285391241312027, 0.27906978130340576, 0.272409051656723, 0.2667062282562256, 0.25827959179878235, 0.25242355465888977, 0.2467615157365799, 0.24199652671813965, 0.2349981814622879, 0.23112007975578308, 0.2266051322221756, 0.22249849140644073, 0.216517373919487, 0.21410298347473145, 0.21074452996253967, 0.2065443992614746, 0.20263700187206268, 0.1986762434244156, 0.19601544737815857, 0.19571033120155334, 0.1897418349981308, 0.18647168576717377, 0.1839302033185959, 0.18187065422534943, 0.17834974825382233, 0.176193505525589, 0.17470088601112366, 0.171809583902359, 0.1682690680027008, 0.1662883162498474, 0.16467729210853577, 0.16265396773815155, 0.1601341962814331, 0.1587955504655838, 0.15640005469322205, 0.15404576063156128, 0.1519089937210083, 0.1511593759059906, 0.14922146499156952, 0.14761118590831757, 0.1447700411081314, 0.1448986828327179, 0.14255473017692566, 0.1416497677564621, 0.13978183269500732, 0.13733072578907013, 0.1375519037246704, 0.13619880378246307, 0.13322900235652924, 0.13218948245048523, 0.13125815987586975, 0.13057222962379456]
accuracy_train:90.849609375
accuracy_test:96.33
duration:1060.8979070186615
