learning_rate:1e-05
num_epochs:20
batch_size:600
loss_x:[49, 99, 98, 198, 147, 297, 196, 396, 245, 495, 294, 594, 343, 693, 392, 792, 441, 891, 490, 990, 539, 1089, 588, 1188, 637, 1287, 686, 1386, 735, 1485, 784, 1584, 833, 1683, 882, 1782, 931, 1881, 980, 1980]
loss_y:[2.293086528778076, 2.2835731506347656, 2.251882314682007, 2.2353272438049316, 2.2067365646362305, 2.179532289505005, 2.14082407951355, 2.090426445007324, 2.0591506958007812, 2.0079028606414795, 1.9431825876235962, 1.8738512992858887, 1.7999515533447266, 1.700646996498108, 1.660849928855896, 1.6011964082717896, 1.505186915397644, 1.451642632484436, 1.3768538236618042, 1.320753812789917, 1.2315744161605835, 1.1744575500488281, 1.1703336238861084, 1.0804717540740967, 0.9993601441383362, 0.9681622385978699, 0.9084224700927734, 0.9049996733665466, 0.8434200286865234, 0.7711897492408752, 0.795373797416687, 0.6859699487686157, 0.70341557264328, 0.6917111873626709, 0.6625694036483765, 0.6576442122459412, 0.6152729392051697, 0.6055445075035095, 0.5677959322929382, 0.5766194462776184]
loss_y_test:[2.289616346359253, 2.2724416255950928, 2.2532107830047607, 2.229743719100952, 2.2017972469329834, 2.1698861122131348, 2.134230852127075, 2.0931146144866943, 2.0460500717163086, 1.9915670156478882, 1.9316866397857666, 1.8671361207962036, 1.7995694875717163, 1.7283143997192383, 1.6550582647323608, 1.58029043674469, 1.50516939163208, 1.4307485818862915, 1.3576388359069824, 1.2870663404464722, 1.2189785242080688, 1.154747724533081, 1.0933719873428345, 1.036588191986084, 0.9833235144615173, 0.9351957440376282, 0.8900941014289856, 0.8491323590278625, 0.8112297654151917, 0.7770220637321472, 0.7448911070823669, 0.716232419013977, 0.689037561416626, 0.6648252606391907, 0.6415458917617798, 0.6211247444152832, 0.6012473702430725, 0.5828394889831543, 0.5664424300193787, 0.5500015616416931]
accuracy_train:69.42916666666666
accuracy_test:87.43
duration:382.9668607711792
