learning_rate:0.001
num_epochs:20
batch_size:600
loss_x:[49, 99, 98, 198, 147, 297, 196, 396, 245, 495, 294, 594, 343, 693, 392, 792, 441, 891, 490, 990, 539, 1089, 588, 1188, 637, 1287, 686, 1386, 735, 1485, 784, 1584, 833, 1683, 882, 1782, 931, 1881, 980, 1980]
loss_y:[0.2116328477859497, 0.11821252107620239, 0.09677919745445251, 0.06900529563426971, 0.05930844694375992, 0.051303815096616745, 0.048233456909656525, 0.06815345585346222, 0.03759216144680977, 0.04049013927578926, 0.03970440477132797, 0.022096766158938408, 0.019475026056170464, 0.043335095047950745, 0.024617450311779976, 0.013489462435245514, 0.025009045377373695, 0.01149756833910942, 0.01987643912434578, 0.02423362247645855, 0.012576033361256123, 0.017044026404619217, 0.012678176164627075, 0.004875939339399338, 0.011768709868192673, 0.012243762612342834, 0.008245984092354774, 0.007521152496337891, 0.0026016130577772856, 0.004745731595903635, 0.0051595792174339294, 0.007443757727742195, 0.005992814898490906, 0.006856144871562719, 0.0061036208644509315, 0.007381206378340721, 0.002608795650303364, 0.002115334151312709, 0.0010571356397122145, 0.0029379636980593204]
loss_y_test:[0.20678436756134033, 0.10864526033401489, 0.07714270800352097, 0.06316174566745758, 0.05557037889957428, 0.0550665557384491, 0.04736155644059181, 0.04817601293325424, 0.040608376264572144, 0.03959805890917778, 0.03749127313494682, 0.03878477215766907, 0.039604175835847855, 0.03580310568213463, 0.03925355523824692, 0.03364928066730499, 0.037317220121622086, 0.03653725981712341, 0.033614080399274826, 0.032918356359004974, 0.03188730776309967, 0.032166145741939545, 0.03756505995988846, 0.03101159818470478, 0.035833023488521576, 0.035218022763729095, 0.03175446391105652, 0.03213069960474968, 0.032995931804180145, 0.03310709819197655, 0.0318673737347126, 0.031618159264326096, 0.04128685221076012, 0.038228005170822144, 0.037029605358839035, 0.034204743802547455, 0.04029324650764465, 0.03414338454604149, 0.03514588251709938, 0.03858153149485588]
accuracy_train:99.0625
accuracy_test:98.9
duration:825.9917144775391
