learning_rate:0.001
num_epochs:20
batch_size:600
loss_x:[49, 99, 98, 198, 147, 297, 196, 396, 245, 495, 294, 594, 343, 693, 392, 792, 441, 891, 490, 990, 539, 1089, 588, 1188, 637, 1287, 686, 1386, 735, 1485, 784, 1584, 833, 1683, 882, 1782, 931, 1881, 980, 1980]
loss_y:[0.6011683344841003, 0.3351079821586609, 0.2674815356731415, 0.19545425474643707, 0.15749508142471313, 0.15473206341266632, 0.12975774705410004, 0.08479759097099304, 0.08977708220481873, 0.09915490448474884, 0.14070983231067657, 0.09283748269081116, 0.06327658891677856, 0.08267318457365036, 0.058299314230680466, 0.04608192667365074, 0.04857000708580017, 0.0924002155661583, 0.03975072130560875, 0.0598958395421505, 0.044808585196733475, 0.05570309981703758, 0.04379265755414963, 0.03214298188686371, 0.054225776344537735, 0.027757644653320312, 0.04210607707500458, 0.02776971459388733, 0.030202070251107216, 0.033839914947748184, 0.04448876157402992, 0.034142665565013885, 0.03828345984220505, 0.035504698753356934, 0.024217816069722176, 0.014707708731293678, 0.024639373645186424, 0.05508241802453995, 0.030795399099588394, 0.046944715082645416]
loss_y_test:[0.5851274728775024, 0.32086482644081116, 0.2173890471458435, 0.1663891077041626, 0.13412721455097198, 0.11315330117940903, 0.0964108482003212, 0.09689497947692871, 0.08112484216690063, 0.07479725778102875, 0.07136083394289017, 0.06444130837917328, 0.0741240382194519, 0.061528660356998444, 0.0673423707485199, 0.05589376017451286, 0.056164342910051346, 0.05619856342673302, 0.0519559308886528, 0.05136008933186531, 0.050931595265865326, 0.05618678405880928, 0.04465046152472496, 0.04691430926322937, 0.044299278408288956, 0.045556727796792984, 0.044168323278427124, 0.04129278287291527, 0.044852402061223984, 0.04169240966439247, 0.038547832518815994, 0.0388648547232151, 0.04290005564689636, 0.038357507437467575, 0.038572538644075394, 0.04036186635494232, 0.03634531795978546, 0.03883349895477295, 0.04432329535484314, 0.0426049530506134]
accuracy_train:97.34583333333333
accuracy_test:98.68
duration:377.37062907218933
