learning_rate:1e-05
num_epochs:20
batch_size:256
loss_x:[49, 99, 149, 199, 98, 198, 298, 398, 147, 297, 447, 597, 196, 396, 596, 796, 245, 495, 745, 995, 294, 594, 894, 1194, 343, 693, 1043, 1393, 392, 792, 1192, 1592, 441, 891, 1341, 1791, 490, 990, 1490, 1990, 539, 1089, 1639, 2189, 588, 1188, 1788, 2388, 637, 1287, 1937, 2587, 686, 1386, 2086, 2786, 735, 1485, 2235, 2985, 784, 1584, 2384, 3184, 833, 1683, 2533, 3383, 882, 1782, 2682, 3582, 931, 1881, 2831, 3781, 980, 1980, 2980, 3980]
loss_y:[2.278174638748169, 2.260774850845337, 2.2355730533599854, 2.2130722999572754, 2.170442581176758, 2.1609387397766113, 2.123933792114258, 2.09611439704895, 2.0134217739105225, 1.9620682001113892, 1.9166568517684937, 1.9065124988555908, 1.7925257682800293, 1.741917371749878, 1.6928741931915283, 1.605838418006897, 1.485394835472107, 1.4989174604415894, 1.3607081174850464, 1.306208610534668, 1.1935644149780273, 1.1033759117126465, 1.1145274639129639, 1.095533847808838, 0.9582074284553528, 1.0037997961044312, 0.9054896235466003, 0.9048806428909302, 0.8253394365310669, 0.7820529937744141, 0.8809353113174438, 0.7466477751731873, 0.7624494433403015, 0.7700682282447815, 0.725082278251648, 0.7469663619995117, 0.6644920706748962, 0.6310767531394958, 0.5078356266021729, 0.5804400444030762, 0.5916168689727783, 0.6503863334655762, 0.5384838581085205, 0.6290953755378723, 0.5675681829452515, 0.5440633893013, 0.5957083702087402, 0.5324375033378601, 0.46520164608955383, 0.4951639771461487, 0.48544052243232727, 0.5040245652198792, 0.45166248083114624, 0.4792928397655487, 0.4664890170097351, 0.42354828119277954, 0.4528229236602783, 0.416265606880188, 0.393875390291214, 0.47062191367149353, 0.36844882369041443, 0.4419693946838379, 0.3981662392616272, 0.36626651883125305, 0.3947255611419678, 0.432338148355484, 0.4073663055896759, 0.43907955288887024, 0.4377846419811249, 0.503209114074707, 0.34248292446136475, 0.40188562870025635, 0.5165756940841675, 0.3234860897064209, 0.4463469684123993, 0.3606216609477997, 0.35535210371017456, 0.2855221629142761, 0.4191565215587616, 0.44633615016937256]
loss_y_test:[2.2804911136627197, 2.260634183883667, 2.2399768829345703, 2.2176623344421387, 2.1743321418762207, 2.14582896232605, 2.1135873794555664, 2.077331066131592, 2.0091195106506348, 1.9644625186920166, 1.916990041732788, 1.8647263050079346, 1.7673733234405518, 1.7050222158432007, 1.640491247177124, 1.5759977102279663, 1.4643182754516602, 1.4000613689422607, 1.3378674983978271, 1.2777612209320068, 1.1825625896453857, 1.1308481693267822, 1.082158088684082, 1.03731369972229, 0.9681928753852844, 0.9318439364433289, 0.8969443440437317, 0.8649519085884094, 0.8167558908462524, 0.7903665900230408, 0.7663742303848267, 0.7441966533660889, 0.7106385827064514, 0.6911925077438354, 0.6740003228187561, 0.6576808094978333, 0.6322677731513977, 0.6183103322982788, 0.6051287651062012, 0.5930968523025513, 0.573526918888092, 0.562158465385437, 0.5523715615272522, 0.5426111817359924, 0.5272884368896484, 0.5193308591842651, 0.5105574131011963, 0.5025858283042908, 0.49005240201950073, 0.4829840660095215, 0.4771045744419098, 0.46997299790382385, 0.45961111783981323, 0.4544306695461273, 0.4481542706489563, 0.4431553781032562, 0.4344561696052551, 0.42990320920944214, 0.42476382851600647, 0.42047733068466187, 0.412234365940094, 0.40829843282699585, 0.40455418825149536, 0.4016866683959961, 0.393986314535141, 0.390275776386261, 0.38645514845848083, 0.3832004964351654, 0.3776680827140808, 0.3747172951698303, 0.3716564178466797, 0.3681213855743408, 0.36263197660446167, 0.3609308898448944, 0.3571683466434479, 0.3546064496040344, 0.3508687913417816, 0.3481059670448303, 0.3454594016075134, 0.3429219126701355]
accuracy_train:77.7294921875
accuracy_test:90.34
duration:426.36010098457336
