learning_rate:1e-05
num_epochs:20
batch_size:256
loss_x:[49, 99, 149, 199, 98, 198, 298, 398, 147, 297, 447, 597, 196, 396, 596, 796, 245, 495, 745, 995, 294, 594, 894, 1194, 343, 693, 1043, 1393, 392, 792, 1192, 1592, 441, 891, 1341, 1791, 490, 990, 1490, 1990, 539, 1089, 1639, 2189, 588, 1188, 1788, 2388, 637, 1287, 1937, 2587, 686, 1386, 2086, 2786, 735, 1485, 2235, 2985, 784, 1584, 2384, 3184, 833, 1683, 2533, 3383, 882, 1782, 2682, 3582, 931, 1881, 2831, 3781, 980, 1980, 2980, 3980]
loss_y:[2.3029141426086426, 2.3015682697296143, 2.296966552734375, 2.2964537143707275, 2.292891025543213, 2.283341884613037, 2.2764804363250732, 2.2766101360321045, 2.2567081451416016, 2.252443552017212, 2.2433021068573, 2.2284188270568848, 2.2041592597961426, 2.1824545860290527, 2.155240297317505, 2.1261191368103027, 2.0953238010406494, 2.0405826568603516, 2.026942729949951, 1.9473716020584106, 1.8628950119018555, 1.850700855255127, 1.7728995084762573, 1.7573695182800293, 1.643782138824463, 1.5179191827774048, 1.5203096866607666, 1.4791806936264038, 1.3825910091400146, 1.3376593589782715, 1.2276989221572876, 1.2443233728408813, 1.1322687864303589, 1.1320440769195557, 1.0448240041732788, 1.0332309007644653, 0.9548352360725403, 0.9027628302574158, 0.9497058391571045, 0.8621507883071899, 0.8035750389099121, 0.7236100435256958, 0.7652891278266907, 0.7902746200561523, 0.7606053948402405, 0.6734962463378906, 0.6923913359642029, 0.738012433052063, 0.6747439503669739, 0.6222248077392578, 0.6479735970497131, 0.7840803265571594, 0.6058638691902161, 0.6329288482666016, 0.6119969487190247, 0.5368655920028687, 0.6217184066772461, 0.5179387927055359, 0.5475126504898071, 0.5024388432502747, 0.47048261761665344, 0.5455717444419861, 0.5471990704536438, 0.5315625071525574, 0.5210487842559814, 0.5265387892723083, 0.5903753042221069, 0.47512102127075195, 0.4805702567100525, 0.5554835200309753, 0.4828195869922638, 0.5309616327285767, 0.566043496131897, 0.46276554465293884, 0.5247055888175964, 0.44177383184432983, 0.41774243116378784, 0.46097105741500854, 0.4217108488082886, 0.4139743745326996]
loss_y_test:[2.3022234439849854, 2.300170421600342, 2.297619581222534, 2.2942614555358887, 2.287614345550537, 2.2831082344055176, 2.278001546859741, 2.271901845932007, 2.25911283493042, 2.2495858669281006, 2.2381808757781982, 2.224447250366211, 2.1959421634674072, 2.175675630569458, 2.152740716934204, 2.1257688999176025, 2.0713789463043213, 2.0348856449127197, 1.9950205087661743, 1.951851487159729, 1.8690332174301147, 1.8157188892364502, 1.7600090503692627, 1.7024943828582764, 1.6026140451431274, 1.543216347694397, 1.4845685958862305, 1.4269620180130005, 1.331502914428711, 1.2781589031219482, 1.2276172637939453, 1.1794118881225586, 1.1031782627105713, 1.0620123147964478, 1.0232503414154053, 0.9869630932807922, 0.9306987524032593, 0.9007023572921753, 0.87279212474823, 0.8467404246330261, 0.8067614436149597, 0.7846883535385132, 0.7641096115112305, 0.7450978755950928, 0.7159990072250366, 0.6990533471107483, 0.6841320395469666, 0.6694507598876953, 0.6457405090332031, 0.6340716481208801, 0.6228912472724915, 0.6109164953231812, 0.5930171608924866, 0.5830463171005249, 0.574359655380249, 0.5662491321563721, 0.5509143471717834, 0.5436009168624878, 0.5368775129318237, 0.5289493203163147, 0.5177538394927979, 0.5110507607460022, 0.5051199793815613, 0.5000118017196655, 0.4899631440639496, 0.48429498076438904, 0.479621559381485, 0.4740881323814392, 0.4666382670402527, 0.4616575241088867, 0.45756441354751587, 0.4542821943759918, 0.4463701844215393, 0.4435855746269226, 0.438750684261322, 0.4350287914276123, 0.4296572208404541, 0.4261665940284729, 0.42273497581481934, 0.4184059500694275]
accuracy_train:68.2666015625
accuracy_test:88.1
duration:423.46924781799316
