learning_rate:0.0001
num_epochs:20
batch_size:256
loss_x:[49, 99, 149, 199, 98, 198, 298, 398, 147, 297, 447, 597, 196, 396, 596, 796, 245, 495, 745, 995, 294, 594, 894, 1194, 343, 693, 1043, 1393, 392, 792, 1192, 1592, 441, 891, 1341, 1791, 490, 990, 1490, 1990, 539, 1089, 1639, 2189, 588, 1188, 1788, 2388, 637, 1287, 1937, 2587, 686, 1386, 2086, 2786, 735, 1485, 2235, 2985, 784, 1584, 2384, 3184, 833, 1683, 2533, 3383, 882, 1782, 2682, 3582, 931, 1881, 2831, 3781, 980, 1980, 2980, 3980]
loss_y:[2.2045817375183105, 1.8390532732009888, 1.3009905815124512, 0.8343214988708496, 0.632328450679779, 0.4097437262535095, 0.4157538414001465, 0.44955289363861084, 0.38112950325012207, 0.31191712617874146, 0.3701009750366211, 0.28462910652160645, 0.24660713970661163, 0.2996918559074402, 0.21345379948616028, 0.2642887234687805, 0.2281055748462677, 0.18727946281433105, 0.219551220536232, 0.278935045003891, 0.1482311338186264, 0.15748518705368042, 0.20655006170272827, 0.11501367390155792, 0.14327268302440643, 0.2038549780845642, 0.1456339806318283, 0.258175790309906, 0.22440847754478455, 0.14010761678218842, 0.1442568451166153, 0.12791873514652252, 0.0920485258102417, 0.14838942885398865, 0.12657879292964935, 0.10532789677381516, 0.15114247798919678, 0.0795370414853096, 0.12709800899028778, 0.09924451261758804, 0.10333744436502457, 0.14682558178901672, 0.1195562481880188, 0.09401196986436844, 0.09542365372180939, 0.06716208904981613, 0.12136179208755493, 0.16852280497550964, 0.11275027692317963, 0.0865689143538475, 0.11563663184642792, 0.11360644549131393, 0.09988779574632645, 0.03965724632143974, 0.07982323318719864, 0.07219230383634567, 0.08626292645931244, 0.09195384383201599, 0.1265215426683426, 0.07744154334068298, 0.0643337070941925, 0.08101660758256912, 0.0713682770729065, 0.05376441031694412, 0.06422289460897446, 0.06268568336963654, 0.08651471883058548, 0.06685847043991089, 0.09805954992771149, 0.039508409798145294, 0.05810738727450371, 0.10415831953287125, 0.09745471179485321, 0.05248849838972092, 0.07832296192646027, 0.10438176244497299, 0.12786303460597992, 0.10580331087112427, 0.05934865400195122, 0.15315525233745575]
loss_y_test:[2.1806864738464355, 1.8215458393096924, 1.2574570178985596, 0.8448827862739563, 0.5598068237304688, 0.484201580286026, 0.4358641505241394, 0.3953494429588318, 0.3458879888057709, 0.329614520072937, 0.30205124616622925, 0.28575974702835083, 0.2660788297653198, 0.24937184154987335, 0.23985294997692108, 0.2286575585603714, 0.218095064163208, 0.2067643404006958, 0.2007882297039032, 0.20001383125782013, 0.18285995721817017, 0.1754724681377411, 0.17220953106880188, 0.16726075112819672, 0.1601288914680481, 0.15649642050266266, 0.15011461079120636, 0.1448005884885788, 0.1406046450138092, 0.1376408338546753, 0.13586857914924622, 0.13156478106975555, 0.1258886605501175, 0.12357716262340546, 0.12260864675045013, 0.11893230676651001, 0.11542569100856781, 0.11356893926858902, 0.11011926084756851, 0.10805676132440567, 0.10980258882045746, 0.10474763810634613, 0.10064784437417984, 0.10355142503976822, 0.0973137691617012, 0.0938071757555008, 0.09276706725358963, 0.09623514860868454, 0.09007875621318817, 0.08962894976139069, 0.09041883051395416, 0.0894290879368782, 0.08493755012750626, 0.08633831888437271, 0.08245723694562912, 0.08516533672809601, 0.08046375215053558, 0.07999707758426666, 0.07894821465015411, 0.08078891038894653, 0.07731907814741135, 0.07599582523107529, 0.07573051750659943, 0.07111973315477371, 0.0738440603017807, 0.07460097968578339, 0.07206811010837555, 0.07175866514444351, 0.0714208260178566, 0.06878210604190826, 0.07287987321615219, 0.069221630692482, 0.0669064074754715, 0.06718470901250839, 0.06555000692605972, 0.06527456641197205, 0.06462346762418747, 0.06523098796606064, 0.06308715045452118, 0.06357022374868393]
accuracy_train:93.8818359375
accuracy_test:97.91
duration:415.66923570632935
