learning_rate:0.0001
num_epochs:20
batch_size:600
loss_x:[49, 99, 98, 198, 147, 297, 196, 396, 245, 495, 294, 594, 343, 693, 392, 792, 441, 891, 490, 990, 539, 1089, 588, 1188, 637, 1287, 686, 1386, 735, 1485, 784, 1584, 833, 1683, 882, 1782, 931, 1881, 980, 1980]
loss_y:[2.2620065212249756, 2.091310739517212, 1.6095223426818848, 1.0224847793579102, 0.6797286868095398, 0.5255595445632935, 0.48608729243278503, 0.35103368759155273, 0.3278699517250061, 0.3323521912097931, 0.3575095534324646, 0.2714100778102875, 0.31311190128326416, 0.23407651484012604, 0.2459864765405655, 0.2187277227640152, 0.23428697884082794, 0.21433211863040924, 0.17718559503555298, 0.17150218784809113, 0.20464417338371277, 0.19452989101409912, 0.1672803908586502, 0.180105060338974, 0.18641839921474457, 0.1367344856262207, 0.1417522430419922, 0.13945238292217255, 0.15564197301864624, 0.15328474342823029, 0.13927941024303436, 0.165813148021698, 0.108611561357975, 0.11182752251625061, 0.10243567824363708, 0.14778205752372742, 0.1459955871105194, 0.09936597943305969, 0.09732001274824142, 0.10555113852024078]
loss_y_test:[2.262503147125244, 2.0901730060577393, 1.6070131063461304, 1.0100690126419067, 0.6769652962684631, 0.5211848020553589, 0.4346078336238861, 0.38178443908691406, 0.34005802869796753, 0.3099081814289093, 0.2898741066455841, 0.26742827892303467, 0.25228017568588257, 0.24222587049007416, 0.2263869047164917, 0.21538467705249786, 0.20597407221794128, 0.19525957107543945, 0.18832078576087952, 0.18167774379253387, 0.1739189326763153, 0.1672571450471878, 0.15908963978290558, 0.1536995768547058, 0.14719495177268982, 0.14259245991706848, 0.137516051530838, 0.1360553503036499, 0.12997649610042572, 0.12573035061359406, 0.12157333642244339, 0.11922621726989746, 0.11687945574522018, 0.11262977868318558, 0.1092882752418518, 0.1077997162938118, 0.10392200201749802, 0.10036849230527878, 0.0988234281539917, 0.09754608571529388]
accuracy_train:89.42083333333333
accuracy_test:97.02
duration:375.37074875831604
