learning_rate:1e-05
num_epochs:20
batch_size:256
loss_x:[49, 99, 149, 199, 98, 198, 298, 398, 147, 297, 447, 597, 196, 396, 596, 796, 245, 495, 745, 995, 294, 594, 894, 1194, 343, 693, 1043, 1393, 392, 792, 1192, 1592, 441, 891, 1341, 1791, 490, 990, 1490, 1990, 539, 1089, 1639, 2189, 588, 1188, 1788, 2388, 637, 1287, 1937, 2587, 686, 1386, 2086, 2786, 735, 1485, 2235, 2985, 784, 1584, 2384, 3184, 833, 1683, 2533, 3383, 882, 1782, 2682, 3582, 931, 1881, 2831, 3781, 980, 1980, 2980, 3980]
loss_y:[2.115060806274414, 1.878678560256958, 1.6457852125167847, 1.399167537689209, 1.0501432418823242, 0.816841185092926, 0.7452569007873535, 0.6145120859146118, 0.5140129327774048, 0.5896058678627014, 0.4135110676288605, 0.42674678564071655, 0.3669907748699188, 0.36739206314086914, 0.3057330846786499, 0.3713218569755554, 0.3520837128162384, 0.3322007954120636, 0.4137014150619507, 0.21982541680335999, 0.25493544340133667, 0.3091307580471039, 0.21006152033805847, 0.26475411653518677, 0.3064836859703064, 0.3795737326145172, 0.3568682074546814, 0.2038748413324356, 0.301544725894928, 0.2133018672466278, 0.23948834836483002, 0.2738674581050873, 0.23655307292938232, 0.19977299869060516, 0.1835801750421524, 0.27668526768684387, 0.2775343060493469, 0.21454644203186035, 0.23718634247779846, 0.26636770367622375, 0.2254357784986496, 0.19340646266937256, 0.21625937521457672, 0.24305054545402527, 0.2200290709733963, 0.16413965821266174, 0.20282085239887238, 0.18633194267749786, 0.2168249934911728, 0.18473534286022186, 0.1798296421766281, 0.17790652811527252, 0.1866573840379715, 0.22192955017089844, 0.18459509313106537, 0.1323193907737732, 0.23671294748783112, 0.18335308134555817, 0.12153363227844238, 0.21541531383991241, 0.11032622307538986, 0.196458101272583, 0.2367740422487259, 0.1337503045797348, 0.15651018917560577, 0.10051790624856949, 0.1453040987253189, 0.10087428987026215, 0.17289450764656067, 0.15840351581573486, 0.1414402276277542, 0.18889203667640686, 0.15163351595401764, 0.14212733507156372, 0.17095965147018433, 0.1607181280851364, 0.14343079924583435, 0.1490381509065628, 0.13866108655929565, 0.12556245923042297]
loss_y_test:[2.109173059463501, 1.871198058128357, 1.6063945293426514, 1.3477106094360352, 0.987463116645813, 0.8373016119003296, 0.7253692150115967, 0.6388766169548035, 0.5380745530128479, 0.49585166573524475, 0.460183709859848, 0.4331636428833008, 0.3938126564025879, 0.3764232099056244, 0.36118417978286743, 0.3475431799888611, 0.3276437819004059, 0.31813058257102966, 0.3096882700920105, 0.30077245831489563, 0.2899167537689209, 0.280646950006485, 0.27570441365242004, 0.2703210711479187, 0.26089006662368774, 0.2564000189304352, 0.2516849637031555, 0.24710898101329803, 0.2404945194721222, 0.23699061572551727, 0.23420920968055725, 0.22962799668312073, 0.2259485274553299, 0.22178928554058075, 0.2193615436553955, 0.21506480872631073, 0.21014170348644257, 0.20814557373523712, 0.2077360600233078, 0.2040211260318756, 0.19890613853931427, 0.19690974056720734, 0.1957707405090332, 0.191314697265625, 0.19082751870155334, 0.18826714158058167, 0.18593451380729675, 0.18366095423698425, 0.179642915725708, 0.17677898705005646, 0.17554327845573425, 0.17255549132823944, 0.17110642790794373, 0.16923072934150696, 0.16679926216602325, 0.16627801954746246, 0.16303221881389618, 0.16039900481700897, 0.15856997668743134, 0.15769748389720917, 0.1559891402721405, 0.1538695991039276, 0.15356479585170746, 0.15006163716316223, 0.14908380806446075, 0.14788509905338287, 0.14597921073436737, 0.1447676569223404, 0.14284932613372803, 0.140138640999794, 0.13982197642326355, 0.13832421600818634, 0.13660767674446106, 0.13456906378269196, 0.13498546183109283, 0.13368020951747894, 0.1310465931892395, 0.1304844617843628, 0.12931856513023376, 0.12812240421772003]
accuracy_train:91.9287109375
accuracy_test:96.22
duration:1007.9146625995636
