learning_rate:0.001
num_epochs:20
batch_size:600
loss_x:[49, 99, 98, 198, 147, 297, 196, 396, 245, 495, 294, 594, 343, 693, 392, 792, 441, 891, 490, 990, 539, 1089, 588, 1188, 637, 1287, 686, 1386, 735, 1485, 784, 1584, 833, 1683, 882, 1782, 931, 1881, 980, 1980]
loss_y:[0.4213004410266876, 0.30154308676719666, 0.155854269862175, 0.12645024061203003, 0.11243519186973572, 0.1287202090024948, 0.07936511933803558, 0.0888405367732048, 0.0643690675497055, 0.09960263222455978, 0.05317096412181854, 0.05224745348095894, 0.061099592596292496, 0.06357073783874512, 0.04590558633208275, 0.054566338658332825, 0.031438808888196945, 0.04140246659517288, 0.04010031372308731, 0.025689510628581047, 0.01896689645946026, 0.06139873340725899, 0.030874550342559814, 0.0361970029771328, 0.05059913918375969, 0.024425318464636803, 0.035698793828487396, 0.053916461765766144, 0.03371959924697876, 0.03188737854361534, 0.021339235827326775, 0.03400273993611336, 0.019509145990014076, 0.013781452551484108, 0.032733552157878876, 0.03261658921837807, 0.021281521767377853, 0.01783394068479538, 0.0317898765206337, 0.021207170560956]
loss_y_test:[0.38992545008659363, 0.21380925178527832, 0.17268340289592743, 0.12683141231536865, 0.1046132817864418, 0.10061634331941605, 0.0813196673989296, 0.07533182203769684, 0.0729932188987732, 0.06507084518671036, 0.06046662479639053, 0.058467358350753784, 0.05575445294380188, 0.055928539484739304, 0.04929916933178902, 0.052410807460546494, 0.049811553210020065, 0.05026805028319359, 0.043692316859960556, 0.04314906522631645, 0.04299601912498474, 0.043577201664447784, 0.044056471437215805, 0.04684332385659218, 0.04444190859794617, 0.041115593165159225, 0.04007868468761444, 0.039540790021419525, 0.03792408108711243, 0.043549615889787674, 0.040143366903066635, 0.040188465267419815, 0.04027923196554184, 0.03705316036939621, 0.048243630677461624, 0.03787662088871002, 0.03732568398118019, 0.04166299104690552, 0.03938658535480499, 0.03961634635925293]
accuracy_train:97.93333333333334
accuracy_test:98.7
duration:381.6098086833954
