learning_rate:0.0001
num_epochs:20
batch_size:600
loss_x:[49, 99, 98, 198, 147, 297, 196, 396, 245, 495, 294, 594, 343, 693, 392, 792, 441, 891, 490, 990, 539, 1089, 588, 1188, 637, 1287, 686, 1386, 735, 1485, 784, 1584, 833, 1683, 882, 1782, 931, 1881, 980, 1980]
loss_y:[1.5618369579315186, 0.5759571194648743, 0.39961034059524536, 0.409805566072464, 0.3809836506843567, 0.29103735089302063, 0.249552920460701, 0.2644038796424866, 0.21774493157863617, 0.2261524498462677, 0.2343270629644394, 0.19275861978530884, 0.1907224804162979, 0.18236811459064484, 0.1369076669216156, 0.1430671662092209, 0.1393035352230072, 0.13722924888134003, 0.14892305433750153, 0.12166649103164673, 0.10799218714237213, 0.10244806855916977, 0.08836324512958527, 0.1094224825501442, 0.09305181354284286, 0.08361012488603592, 0.09510845690965652, 0.09191649407148361, 0.11021559685468674, 0.0881987065076828, 0.09105855971574783, 0.09058267623186111, 0.06005486845970154, 0.10924987494945526, 0.04913162812590599, 0.07242831587791443, 0.058144956827163696, 0.08243343234062195, 0.046928439289331436, 0.05096990242600441]
loss_y_test:[1.4939221143722534, 0.5587610602378845, 0.3982345163822174, 0.3379032611846924, 0.3057282567024231, 0.2841113209724426, 0.2622186839580536, 0.24976615607738495, 0.23066523671150208, 0.21336138248443604, 0.1969313621520996, 0.18585044145584106, 0.1704281121492386, 0.15997853875160217, 0.1513914316892624, 0.14823709428310394, 0.13319633901119232, 0.1229628250002861, 0.117420494556427, 0.11182678490877151, 0.106015145778656, 0.10178583115339279, 0.09616958349943161, 0.09293065220117569, 0.08805181831121445, 0.08764614909887314, 0.08326619863510132, 0.07816504687070847, 0.07767803221940994, 0.07529601454734802, 0.07177693396806717, 0.07029326260089874, 0.06881183385848999, 0.0661713033914566, 0.07103615999221802, 0.06417380273342133, 0.06406565010547638, 0.061799176037311554, 0.05953279137611389, 0.058688629418611526]
accuracy_train:94.72083333333333
accuracy_test:98.21
duration:847.9571785926819
