learning_rate:0.0001
num_epochs:20
batch_size:256
loss_x:[49, 99, 149, 199, 98, 198, 298, 398, 147, 297, 447, 597, 196, 396, 596, 796, 245, 495, 745, 995, 294, 594, 894, 1194, 343, 693, 1043, 1393, 392, 792, 1192, 1592, 441, 891, 1341, 1791, 490, 990, 1490, 1990, 539, 1089, 1639, 2189, 588, 1188, 1788, 2388, 637, 1287, 1937, 2587, 686, 1386, 2086, 2786, 735, 1485, 2235, 2985, 784, 1584, 2384, 3184, 833, 1683, 2533, 3383, 882, 1782, 2682, 3582, 931, 1881, 2831, 3781, 980, 1980, 2980, 3980]
loss_y:[0.7122043967247009, 0.3071567118167877, 0.24923881888389587, 0.22156588733196259, 0.1644146740436554, 0.13369035720825195, 0.14592836797237396, 0.14486035704612732, 0.1276894062757492, 0.1306203156709671, 0.09081169217824936, 0.09195341914892197, 0.06511888653039932, 0.10369093716144562, 0.09334535151720047, 0.11176276206970215, 0.05395488440990448, 0.06536578387022018, 0.06613630801439285, 0.0492502823472023, 0.07691454142332077, 0.04059804230928421, 0.06893002986907959, 0.0634845644235611, 0.07555431127548218, 0.041317716240882874, 0.06083972007036209, 0.05800802633166313, 0.05559021979570389, 0.05351648107171059, 0.04012833908200264, 0.03764505311846733, 0.026546981185674667, 0.05809946358203888, 0.029652874916791916, 0.03446417301893234, 0.03281770646572113, 0.052370909601449966, 0.09025095403194427, 0.06729968637228012, 0.01588456891477108, 0.02784569188952446, 0.015383717603981495, 0.03715230152010918, 0.0311389472335577, 0.02120465412735939, 0.021379316225647926, 0.039694417268037796, 0.0536496601998806, 0.02971665747463703, 0.026451475918293, 0.013383328914642334, 0.034606464207172394, 0.023121150210499763, 0.04883682355284691, 0.029303668066859245, 0.01332077942788601, 0.011452079750597477, 0.015013888478279114, 0.020068833604454994, 0.048678502440452576, 0.08101987093687057, 0.035264093428850174, 0.015830431133508682, 0.02028999850153923, 0.035688985139131546, 0.025134626775979996, 0.01442871242761612, 0.020829591900110245, 0.047874629497528076, 0.018701232969760895, 0.01842678338289261, 0.018203532323241234, 0.003364110365509987, 0.010073717683553696, 0.013746188953518867, 0.014969180338084698, 0.01445755921304226, 0.03505878895521164, 0.012779914774000645]
loss_y_test:[0.6330339312553406, 0.3172112703323364, 0.23472771048545837, 0.19218561053276062, 0.1524086445569992, 0.1344606727361679, 0.12203939259052277, 0.11388511955738068, 0.09888365119695663, 0.09529595077037811, 0.08717572689056396, 0.07959956675767899, 0.07427056133747101, 0.07407017797231674, 0.07290820777416229, 0.06454916298389435, 0.06519915163516998, 0.06394381076097488, 0.06573625653982162, 0.05739802122116089, 0.052994273602962494, 0.05810309201478958, 0.05162941664457321, 0.055844128131866455, 0.05505945533514023, 0.05111151933670044, 0.05063673108816147, 0.04695499688386917, 0.04593160003423691, 0.048764072358608246, 0.0480174645781517, 0.05396450683474541, 0.04393664374947548, 0.04412326216697693, 0.04916605353355408, 0.04470505192875862, 0.041296057403087616, 0.03955977037549019, 0.04706373065710068, 0.049599867314100266, 0.04292645305395126, 0.03908219188451767, 0.03877482935786247, 0.03638729080557823, 0.038412969559431076, 0.03735089674592018, 0.03713720291852951, 0.04033433645963669, 0.044287241995334625, 0.035191480070352554, 0.03785264492034912, 0.03955969959497452, 0.03572489321231842, 0.03826012462377548, 0.038449130952358246, 0.03688863664865494, 0.0410032756626606, 0.03538326174020767, 0.03454142063856125, 0.0383964478969574, 0.03499091789126396, 0.03681998699903488, 0.033277809619903564, 0.0380096435546875, 0.03023902140557766, 0.034007005393505096, 0.03450087085366249, 0.031135082244873047, 0.04043339192867279, 0.03378637135028839, 0.038518309593200684, 0.03365377336740494, 0.032042067497968674, 0.03314928710460663, 0.03136535361409187, 0.034468866884708405, 0.03419625014066696, 0.035205431282520294, 0.03432197496294975, 0.031759582459926605]
accuracy_train:98.0712890625
accuracy_test:98.91
duration:992.9676275253296
