learning_rate:0.001
num_epochs:20
batch_size:600
loss_x:[49, 99, 98, 198, 147, 297, 196, 396, 245, 495, 294, 594, 343, 693, 392, 792, 441, 891, 490, 990, 539, 1089, 588, 1188, 637, 1287, 686, 1386, 735, 1485, 784, 1584, 833, 1683, 882, 1782, 931, 1881, 980, 1980]
loss_y:[0.2439529150724411, 0.14346285164356232, 0.08933410048484802, 0.08835992217063904, 0.07001890242099762, 0.08082690834999084, 0.07034555077552795, 0.07791412621736526, 0.06001503765583038, 0.05209963023662567, 0.031247885897755623, 0.04378128796815872, 0.037738457322120667, 0.055474504828453064, 0.02636747434735298, 0.04343203082680702, 0.02591066248714924, 0.03077213279902935, 0.02796275168657303, 0.033681463450193405, 0.041151925921440125, 0.017596960067749023, 0.017372366040945053, 0.022236431017518044, 0.01767890527844429, 0.021627061069011688, 0.054740060120821, 0.02898232825100422, 0.03752163425087929, 0.010877056047320366, 0.01608467847108841, 0.00887928158044815, 0.011890196241438389, 0.006739107891917229, 0.003118437947705388, 0.01476164348423481, 0.012413494288921356, 0.008385295048356056, 0.0059900744818151, 0.013164200820028782]
loss_y_test:[0.2573713958263397, 0.13503046333789825, 0.09794991463422775, 0.07952152192592621, 0.0714036226272583, 0.05774298310279846, 0.053151875734329224, 0.05199882760643959, 0.04737992212176323, 0.04591330885887146, 0.042921166867017746, 0.043189313262701035, 0.04687133803963661, 0.039221134036779404, 0.03872884064912796, 0.043632328510284424, 0.033841971307992935, 0.04050007462501526, 0.03237544000148773, 0.03392234444618225, 0.03629281744360924, 0.03752883896231651, 0.030557235702872276, 0.034132108092308044, 0.029366763308644295, 0.034494418650865555, 0.02936735190451145, 0.029105519875884056, 0.026218703016638756, 0.02991538867354393, 0.030224347487092018, 0.030510731041431427, 0.027737997472286224, 0.029428942129015923, 0.02922610193490982, 0.0352579727768898, 0.030718259513378143, 0.031242983415722847, 0.027326274663209915, 0.029144296422600746]
accuracy_train:98.66666666666667
accuracy_test:99.18
duration:826.032872915268
