learning_rate:0.001
num_epochs:20
batch_size:256
loss_x:[49, 99, 149, 199, 98, 198, 298, 398, 147, 297, 447, 597, 196, 396, 596, 796, 245, 495, 745, 995, 294, 594, 894, 1194, 343, 693, 1043, 1393, 392, 792, 1192, 1592, 441, 891, 1341, 1791, 490, 990, 1490, 1990, 539, 1089, 1639, 2189, 588, 1188, 1788, 2388, 637, 1287, 1937, 2587, 686, 1386, 2086, 2786, 735, 1485, 2235, 2985, 784, 1584, 2384, 3184, 833, 1683, 2533, 3383, 882, 1782, 2682, 3582, 931, 1881, 2831, 3781, 980, 1980, 2980, 3980]
loss_y:[0.6410124897956848, 0.4455539882183075, 0.27733850479125977, 0.15536923706531525, 0.1510390341281891, 0.13918282091617584, 0.14068268239498138, 0.17862194776535034, 0.14723794162273407, 0.06025562807917595, 0.06723179668188095, 0.10893812030553818, 0.08589652925729752, 0.13234306871891022, 0.09110572189092636, 0.1085660383105278, 0.08953192830085754, 0.038110435009002686, 0.04553978145122528, 0.0940747857093811, 0.08452768623828888, 0.09066174179315567, 0.05337197333574295, 0.03364385664463043, 0.0314483605325222, 0.027595024555921555, 0.04792994260787964, 0.048196807503700256, 0.046574875712394714, 0.03910054266452789, 0.029364805668592453, 0.023769473657011986, 0.019886497408151627, 0.05466897413134575, 0.03271210193634033, 0.03418579325079918, 0.029437843710184097, 0.02811327390372753, 0.015892498195171356, 0.03223646059632301, 0.0600118562579155, 0.058342549949884415, 0.007964374497532845, 0.028686359524726868, 0.011895942501723766, 0.008589152246713638, 0.005140197928994894, 0.020146215334534645, 0.02485022321343422, 0.04448551684617996, 0.008156436495482922, 0.01642148196697235, 0.00899193063378334, 0.015798328444361687, 0.023243853822350502, 0.011385837569832802, 0.004846366122364998, 0.03141683712601662, 0.033497363328933716, 0.012050719931721687, 0.012612495571374893, 0.035581473261117935, 0.015275909565389156, 0.015199207700788975, 0.014161927625536919, 0.03589995205402374, 0.013973943889141083, 0.030365396291017532, 0.02698839083313942, 0.004918969701975584, 0.01529242005199194, 0.010638711974024773, 0.030708221718668938, 0.012549445033073425, 0.006254546344280243, 0.01810429058969021, 0.006839115638285875, 0.005761380773037672, 0.003670756472274661, 0.0036999203730374575]
loss_y_test:[0.6088925004005432, 0.3769995868206024, 0.27300912141799927, 0.2213667631149292, 0.16031230986118317, 0.14608171582221985, 0.11784068495035172, 0.1084233969449997, 0.09419859945774078, 0.09195606410503387, 0.08206036686897278, 0.07112391293048859, 0.08878123015165329, 0.06634176522493362, 0.059476323425769806, 0.06863676011562347, 0.05722302198410034, 0.0562487468123436, 0.06040326878428459, 0.053764551877975464, 0.05247686058282852, 0.05029251426458359, 0.04989972338080406, 0.048146963119506836, 0.0441332682967186, 0.044155899435281754, 0.04734281450510025, 0.043146565556526184, 0.038259319961071014, 0.04378030449151993, 0.03724577650427818, 0.04344772920012474, 0.04005001485347748, 0.0409221351146698, 0.033339645713567734, 0.040556613355875015, 0.03856344148516655, 0.040829047560691833, 0.054279226809740067, 0.03771395608782768, 0.034504957497119904, 0.040353722870349884, 0.03499753400683403, 0.04809512943029404, 0.03739670291543007, 0.034659601747989655, 0.03608949854969978, 0.034912109375, 0.03583073616027832, 0.03554198518395424, 0.03725413233041763, 0.040105246007442474, 0.03472386673092842, 0.03368213400244713, 0.042956624180078506, 0.033633116632699966, 0.03019234538078308, 0.03625603765249252, 0.037392739206552505, 0.03823888674378395, 0.034533239901065826, 0.03623507171869278, 0.035898610949516296, 0.036049582064151764, 0.0352664515376091, 0.03530973941087723, 0.03218769282102585, 0.037389807403087616, 0.03468824550509453, 0.03395923227071762, 0.0328407809138298, 0.03202328830957413, 0.041979867964982986, 0.038168005645275116, 0.03016943857073784, 0.03434356674551964, 0.03787048161029816, 0.030218694359064102, 0.0348692312836647, 0.03756135329604149]
accuracy_train:98.154296875
accuracy_test:98.81
duration:466.83159589767456
