learning_rate:1e-05
num_epochs:20
batch_size:600
loss_x:[49, 99, 98, 198, 147, 297, 196, 396, 245, 495, 294, 594, 343, 693, 392, 792, 441, 891, 490, 990, 539, 1089, 588, 1188, 637, 1287, 686, 1386, 735, 1485, 784, 1584, 833, 1683, 882, 1782, 931, 1881, 980, 1980]
loss_y:[2.15373158454895, 1.9343351125717163, 1.6111180782318115, 1.3571910858154297, 1.204642653465271, 0.997482180595398, 0.800671398639679, 0.7196251749992371, 0.6104277968406677, 0.5773099660873413, 0.503795325756073, 0.4873678684234619, 0.4139721691608429, 0.4572612941265106, 0.3508599102497101, 0.3306243121623993, 0.33224576711654663, 0.3454726040363312, 0.33081042766571045, 0.2690347731113434, 0.30042311549186707, 0.2607943117618561, 0.27871665358543396, 0.25644421577453613, 0.24586620926856995, 0.22112500667572021, 0.2543065547943115, 0.2364485114812851, 0.2141340672969818, 0.2547341585159302, 0.2554870843887329, 0.214249849319458, 0.20863080024719238, 0.23671363294124603, 0.2231547087430954, 0.26559004187583923, 0.17186084389686584, 0.19289642572402954, 0.20394396781921387, 0.2106483280658722]
loss_y_test:[2.151825428009033, 1.8991254568099976, 1.6229175329208374, 1.3655469417572021, 1.1371921300888062, 0.9499195218086243, 0.8066403865814209, 0.6965300440788269, 0.6121423244476318, 0.5478816032409668, 0.49660739302635193, 0.45525887608528137, 0.4225010871887207, 0.3942890465259552, 0.3707011938095093, 0.35062459111213684, 0.33380430936813354, 0.31836339831352234, 0.30520719289779663, 0.29322099685668945, 0.2821638584136963, 0.27265506982803345, 0.26386380195617676, 0.25556206703186035, 0.2489442229270935, 0.24155914783477783, 0.23595838248729706, 0.22939056158065796, 0.22380350530147552, 0.21812014281749725, 0.21297335624694824, 0.20862911641597748, 0.20507469773292542, 0.20036004483699799, 0.1955053061246872, 0.1922985464334488, 0.18844985961914062, 0.18488217890262604, 0.18154823780059814, 0.17825138568878174]
accuracy_train:89.075
accuracy_test:95.22
duration:872.9216072559357
