learning_rate:0.0001
num_epochs:20
batch_size:600
loss_x:[49, 99, 98, 198, 147, 297, 196, 396, 245, 495, 294, 594, 343, 693, 392, 792, 441, 891, 490, 990, 539, 1089, 588, 1188, 637, 1287, 686, 1386, 735, 1485, 784, 1584, 833, 1683, 882, 1782, 931, 1881, 980, 1980]
loss_y:[2.1402947902679443, 1.688080906867981, 1.0653183460235596, 0.6950941681861877, 0.5403743982315063, 0.4565366506576538, 0.3861650228500366, 0.3315697908401489, 0.38649675250053406, 0.32169464230537415, 0.2824658751487732, 0.26886221766471863, 0.23478850722312927, 0.21850232779979706, 0.2618842124938965, 0.21173638105392456, 0.24677617847919464, 0.20775192975997925, 0.1915307492017746, 0.16446126997470856, 0.16988958418369293, 0.1907903105020523, 0.1520683765411377, 0.17619900405406952, 0.1831379383802414, 0.18095369637012482, 0.14326325058937073, 0.1298425942659378, 0.15538813173770905, 0.13401010632514954, 0.1128767803311348, 0.1657302975654602, 0.11896970123052597, 0.12698352336883545, 0.12454662472009659, 0.11871293187141418, 0.15546022355556488, 0.1417529582977295, 0.10168804973363876, 0.09996724128723145]
loss_y_test:[2.132469654083252, 1.65962553024292, 1.0559115409851074, 0.6946703195571899, 0.52346271276474, 0.43274664878845215, 0.3793888986110687, 0.3447684347629547, 0.3172091245651245, 0.29944586753845215, 0.27985721826553345, 0.2633020877838135, 0.2510204613208771, 0.23727703094482422, 0.22546572983264923, 0.2158353179693222, 0.20706826448440552, 0.19970086216926575, 0.19133353233337402, 0.18210874497890472, 0.17522643506526947, 0.16779549419879913, 0.16410788893699646, 0.1578219085931778, 0.15384072065353394, 0.14497393369674683, 0.14222073554992676, 0.13737142086029053, 0.13321548700332642, 0.12870000302791595, 0.1265016794204712, 0.12252291291952133, 0.11739543825387955, 0.11555138975381851, 0.11246640235185623, 0.11154642701148987, 0.10660426318645477, 0.10435587167739868, 0.1053166389465332, 0.10173230618238449]
accuracy_train:91.35416666666667
accuracy_test:97.04
duration:380.08018350601196
