learning_rate:1e-05
num_epochs:20
batch_size:256
loss_x:[49, 99, 149, 199, 98, 198, 298, 398, 147, 297, 447, 597, 196, 396, 596, 796, 245, 495, 745, 995, 294, 594, 894, 1194, 343, 693, 1043, 1393, 392, 792, 1192, 1592, 441, 891, 1341, 1791, 490, 990, 1490, 1990, 539, 1089, 1639, 2189, 588, 1188, 1788, 2388, 637, 1287, 1937, 2587, 686, 1386, 2086, 2786, 735, 1485, 2235, 2985, 784, 1584, 2384, 3184, 833, 1683, 2533, 3383, 882, 1782, 2682, 3582, 931, 1881, 2831, 3781, 980, 1980, 2980, 3980]
loss_y:[2.2651071548461914, 2.2205429077148438, 2.146517753601074, 2.0453712940216064, 1.8115055561065674, 1.6633955240249634, 1.5317431688308716, 1.3607566356658936, 1.0903583765029907, 1.006923794746399, 0.917074978351593, 0.8733742833137512, 0.7669400572776794, 0.6728338003158569, 0.6233184933662415, 0.5599518418312073, 0.5629535913467407, 0.4426109790802002, 0.48730579018592834, 0.43043649196624756, 0.475265234708786, 0.4307883381843567, 0.40228673815727234, 0.3615911602973938, 0.44433650374412537, 0.43473169207572937, 0.36706653237342834, 0.3889968991279602, 0.25735023617744446, 0.41864562034606934, 0.39386484026908875, 0.3479662835597992, 0.32985323667526245, 0.3697683811187744, 0.28998875617980957, 0.2576870918273926, 0.22228455543518066, 0.31901460886001587, 0.32353487610816956, 0.27408942580223083, 0.2971195876598358, 0.20599262416362762, 0.30204981565475464, 0.26061007380485535, 0.2760925889015198, 0.3359757959842682, 0.2516537308692932, 0.257233589887619, 0.32285383343696594, 0.2535398602485657, 0.28924649953842163, 0.27227839827537537, 0.24181991815567017, 0.27414995431900024, 0.23277346789836884, 0.3148725926876068, 0.30103084444999695, 0.23225408792495728, 0.22548231482505798, 0.22342132031917572, 0.2286098748445511, 0.23659004271030426, 0.17266115546226501, 0.27986571192741394, 0.2772909998893738, 0.2212880402803421, 0.2448698729276657, 0.22991950809955597, 0.25833484530448914, 0.19079585373401642, 0.20618075132369995, 0.13890774548053741, 0.2262837439775467, 0.2726781666278839, 0.1534203290939331, 0.1919948011636734, 0.22525930404663086, 0.1325516402721405, 0.2024102360010147, 0.24002905189990997]
loss_y_test:[2.2700448036193848, 2.2150120735168457, 2.1334378719329834, 2.0263454914093018, 1.7967545986175537, 1.6430139541625977, 1.4873788356781006, 1.3346476554870605, 1.0986729860305786, 0.9819948077201843, 0.8787516355514526, 0.795077919960022, 0.6854692697525024, 0.6366128325462341, 0.5944922566413879, 0.5594583749771118, 0.5112091302871704, 0.4886091649532318, 0.4686621129512787, 0.45096635818481445, 0.42629820108413696, 0.41259974241256714, 0.40127143263816833, 0.3921429216861725, 0.3762000799179077, 0.3684324622154236, 0.3615493178367615, 0.35321569442749023, 0.3430519700050354, 0.3366814851760864, 0.3310112953186035, 0.32581445574760437, 0.31795695424079895, 0.3125588595867157, 0.313361793756485, 0.3056566119194031, 0.29762861132621765, 0.2950541377067566, 0.29134172201156616, 0.2884102165699005, 0.2823125720024109, 0.2802721858024597, 0.2772305905818939, 0.2745212912559509, 0.26850494742393494, 0.2664760947227478, 0.2638806104660034, 0.26088061928749084, 0.25745999813079834, 0.25319522619247437, 0.2518176734447479, 0.2494845688343048, 0.24688968062400818, 0.24384546279907227, 0.24148516356945038, 0.23819836974143982, 0.2356727123260498, 0.23392502963542938, 0.23184743523597717, 0.22920987010002136, 0.224624902009964, 0.22593733668327332, 0.2229922115802765, 0.22321362793445587, 0.21763400733470917, 0.21583214402198792, 0.2132141888141632, 0.21299347281455994, 0.20857906341552734, 0.2071012705564499, 0.20646896958351135, 0.20307521522045135, 0.2010076344013214, 0.19828897714614868, 0.1978302001953125, 0.19527676701545715, 0.19351837038993835, 0.19183336198329926, 0.1909513771533966, 0.19025513529777527]
accuracy_train:87.470703125
accuracy_test:94.41
duration:976.5475401878357
