learning_rate:0.0001
num_epochs:20
batch_size:256
loss_x:[49, 99, 149, 199, 98, 198, 298, 398, 147, 297, 447, 597, 196, 396, 596, 796, 245, 495, 745, 995, 294, 594, 894, 1194, 343, 693, 1043, 1393, 392, 792, 1192, 1592, 441, 891, 1341, 1791, 490, 990, 1490, 1990, 539, 1089, 1639, 2189, 588, 1188, 1788, 2388, 637, 1287, 1937, 2587, 686, 1386, 2086, 2786, 735, 1485, 2235, 2985, 784, 1584, 2384, 3184, 833, 1683, 2533, 3383, 882, 1782, 2682, 3582, 931, 1881, 2831, 3781, 980, 1980, 2980, 3980]
loss_y:[1.9195672273635864, 0.8847452402114868, 0.5266026854515076, 0.3454076945781708, 0.3460365831851959, 0.2434384524822235, 0.26844319701194763, 0.3105432093143463, 0.15735042095184326, 0.22618801891803741, 0.21324437856674194, 0.2689412832260132, 0.1311984658241272, 0.1583801507949829, 0.1415184885263443, 0.1203349158167839, 0.1837216466665268, 0.1155279353260994, 0.142032653093338, 0.18857041001319885, 0.11972220242023468, 0.10837378352880478, 0.1450081318616867, 0.08596911281347275, 0.10227606445550919, 0.1485174298286438, 0.10204461961984634, 0.1045883446931839, 0.11435341089963913, 0.0813891589641571, 0.07976744323968887, 0.07296662032604218, 0.08840707689523697, 0.06640060991048813, 0.08850613981485367, 0.13344408571720123, 0.127592533826828, 0.04792466387152672, 0.10182614624500275, 0.1195976734161377, 0.09014756232500076, 0.04181142523884773, 0.05433936044573784, 0.08689464628696442, 0.07898642867803574, 0.04741406813263893, 0.08300893008708954, 0.04584956541657448, 0.07269237190485, 0.04387449100613594, 0.08796778321266174, 0.11049523949623108, 0.05885283276438713, 0.06066424027085304, 0.06081331893801689, 0.025866856798529625, 0.08591116964817047, 0.02957516349852085, 0.1010836586356163, 0.08628617227077484, 0.0752432718873024, 0.02326301485300064, 0.09803927689790726, 0.09719376266002655, 0.047776125371456146, 0.050170253962278366, 0.10065872222185135, 0.04012739658355713, 0.034453533589839935, 0.06574497371912003, 0.06229396164417267, 0.04231167212128639, 0.05163770914077759, 0.05080650374293327, 0.05793389305472374, 0.0358688123524189, 0.0548609122633934, 0.050058186054229736, 0.062488626688718796, 0.02180364914238453]
loss_y_test:[1.888913869857788, 0.879817008972168, 0.47437024116516113, 0.3665826618671417, 0.28948915004730225, 0.2636011838912964, 0.24792790412902832, 0.23411934077739716, 0.21238961815834045, 0.20185859501361847, 0.19458609819412231, 0.18942803144454956, 0.1679711490869522, 0.1680346429347992, 0.16410350799560547, 0.15639865398406982, 0.14151543378829956, 0.13759548962116241, 0.12841972708702087, 0.13050100207328796, 0.11665407568216324, 0.11689478158950806, 0.11275851726531982, 0.11244845390319824, 0.10167517513036728, 0.09786777943372726, 0.09421104937791824, 0.0924450233578682, 0.08941024541854858, 0.08852427452802658, 0.08667431771755219, 0.0845584124326706, 0.08200034499168396, 0.0806531012058258, 0.07834684103727341, 0.07861939817667007, 0.07098750025033951, 0.06978986412286758, 0.07551073282957077, 0.07797519117593765, 0.06579332053661346, 0.06563346832990646, 0.06428039073944092, 0.06661473214626312, 0.062428127974271774, 0.06255993992090225, 0.060261793434619904, 0.06373155862092972, 0.06171337887644768, 0.05944212153553963, 0.05785924196243286, 0.05920491740107536, 0.05775291472673416, 0.059616006910800934, 0.055215515196323395, 0.05379600450396538, 0.05361592769622803, 0.0532800555229187, 0.052832283079624176, 0.052435606718063354, 0.052430957555770874, 0.04952648654580116, 0.04894168674945831, 0.049538783729076385, 0.053264081478118896, 0.05061327666044235, 0.04718625918030739, 0.05415397137403488, 0.04657431319355965, 0.044511210173368454, 0.04529572278261185, 0.046102575957775116, 0.045356713235378265, 0.04588032513856888, 0.04638931155204773, 0.043827202171087265, 0.04331272095441818, 0.040936414152383804, 0.04591331630945206, 0.04684276133775711]
accuracy_train:96.1279296875
accuracy_test:98.54
duration:978.8154592514038
