learning_rate:0.0001
num_epochs:20
batch_size:600
loss_x:[49, 99, 98, 198, 147, 297, 196, 396, 245, 495, 294, 594, 343, 693, 392, 792, 441, 891, 490, 990, 539, 1089, 588, 1188, 637, 1287, 686, 1386, 735, 1485, 784, 1584, 833, 1683, 882, 1782, 931, 1881, 980, 1980]
loss_y:[0.8642356395721436, 0.3897189795970917, 0.2778693437576294, 0.2697989344596863, 0.2254689335823059, 0.1730814427137375, 0.1351228803396225, 0.12431544065475464, 0.08270521461963654, 0.11252180486917496, 0.0730048343539238, 0.09288980811834335, 0.09874675422906876, 0.05609087646007538, 0.09321668744087219, 0.07606422156095505, 0.06994906067848206, 0.058190759271383286, 0.0891353115439415, 0.05130160599946976, 0.0718419998884201, 0.07104876637458801, 0.04914381727576256, 0.057456906884908676, 0.054693277925252914, 0.04854670912027359, 0.0434550978243351, 0.06856994330883026, 0.039583969861269, 0.07377433776855469, 0.05397031083703041, 0.041106514632701874, 0.03851108253002167, 0.03215325251221657, 0.07872872799634933, 0.022156013175845146, 0.05579179897904396, 0.03556973114609718, 0.0416390486061573, 0.0505797378718853]
loss_y_test:[0.8260799050331116, 0.34780144691467285, 0.2613777816295624, 0.2171197533607483, 0.1897491216659546, 0.16654634475708008, 0.1453692466020584, 0.13620224595069885, 0.12151496857404709, 0.10994081944227219, 0.1006305068731308, 0.09214287251234055, 0.09011853486299515, 0.08269726485013962, 0.07772397249937057, 0.07288635522127151, 0.07162503898143768, 0.06867879629135132, 0.0658964142203331, 0.061756912618875504, 0.059540439397096634, 0.05959935113787651, 0.057008106261491776, 0.05372914671897888, 0.0572609081864357, 0.05436791852116585, 0.05348057299852371, 0.050553835928440094, 0.05162037909030914, 0.052499689161777496, 0.050293296575546265, 0.05028235912322998, 0.04959793761372566, 0.04646512493491173, 0.04538028687238693, 0.04598160460591316, 0.047409236431121826, 0.04538533464074135, 0.04664944112300873, 0.04629993438720703]
accuracy_train:97.05833333333334
accuracy_test:98.57
duration:857.5803227424622
