learning_rate:0.0001
num_epochs:20
batch_size:256
loss_x:[49, 99, 149, 199, 98, 198, 298, 398, 147, 297, 447, 597, 196, 396, 596, 796, 245, 495, 745, 995, 294, 594, 894, 1194, 343, 693, 1043, 1393, 392, 792, 1192, 1592, 441, 891, 1341, 1791, 490, 990, 1490, 1990, 539, 1089, 1639, 2189, 588, 1188, 1788, 2388, 637, 1287, 1937, 2587, 686, 1386, 2086, 2786, 735, 1485, 2235, 2985, 784, 1584, 2384, 3184, 833, 1683, 2533, 3383, 882, 1782, 2682, 3582, 931, 1881, 2831, 3781, 980, 1980, 2980, 3980]
loss_y:[2.2865519523620605, 2.192814350128174, 1.8817440271377563, 1.3213964700698853, 0.7625375986099243, 0.5870130062103271, 0.47245553135871887, 0.40588411688804626, 0.3841002583503723, 0.3802001476287842, 0.2879089415073395, 0.29499006271362305, 0.23035992681980133, 0.34168189764022827, 0.26687854528427124, 0.2692801356315613, 0.2944115996360779, 0.23685762286186218, 0.25396212935447693, 0.3029727339744568, 0.22847683727741241, 0.19922596216201782, 0.20938926935195923, 0.245093435049057, 0.25198251008987427, 0.18609610199928284, 0.2135201245546341, 0.16275569796562195, 0.12789656221866608, 0.14904774725437164, 0.2069818526506424, 0.1917198747396469, 0.23584359884262085, 0.1072193831205368, 0.2027273029088974, 0.24466997385025024, 0.24785275757312775, 0.17156441509723663, 0.1154717430472374, 0.09467687457799911, 0.1279018223285675, 0.1493089497089386, 0.17883391678333282, 0.14342349767684937, 0.11066635698080063, 0.11120770126581192, 0.09250742942094803, 0.19529315829277039, 0.14666630327701569, 0.07775833457708359, 0.11078821867704391, 0.13094675540924072, 0.10295290499925613, 0.1670527458190918, 0.10953810065984726, 0.07260804623365402, 0.12648722529411316, 0.17836733162403107, 0.07077479362487793, 0.12647682428359985, 0.1375201940536499, 0.1630951166152954, 0.09417951107025146, 0.11831814050674438, 0.07704861462116241, 0.052259501069784164, 0.06307472288608551, 0.10802508890628815, 0.12101726233959198, 0.0687791034579277, 0.05655200034379959, 0.08612646907567978, 0.06931446492671967, 0.07391072809696198, 0.04969603195786476, 0.06012139841914177, 0.08824676275253296, 0.0731775239109993, 0.06878355890512466, 0.0820404663681984]
loss_y_test:[2.2818241119384766, 2.186898708343506, 1.8457273244857788, 1.248666524887085, 0.6905080080032349, 0.557217001914978, 0.4766935408115387, 0.42676401138305664, 0.3591639995574951, 0.3498426079750061, 0.31928524374961853, 0.3033676743507385, 0.27839428186416626, 0.26682937145233154, 0.2567146122455597, 0.25092771649360657, 0.23506763577461243, 0.22811217606067657, 0.2214142084121704, 0.2160649299621582, 0.20874781906604767, 0.2015407532453537, 0.2014642059803009, 0.1928146481513977, 0.18977932631969452, 0.1823444962501526, 0.177211731672287, 0.17374084889888763, 0.16936330497264862, 0.16654755175113678, 0.16063538193702698, 0.1621001660823822, 0.15420833230018616, 0.15020304918289185, 0.14694546163082123, 0.14347665011882782, 0.14096081256866455, 0.1386958360671997, 0.13517829775810242, 0.1303553730249405, 0.1294747143983841, 0.12812945246696472, 0.121922567486763, 0.12119831144809723, 0.12159109115600586, 0.11710460484027863, 0.11485067754983902, 0.11368142068386078, 0.11217278242111206, 0.10975180566310883, 0.10634838044643402, 0.10676731169223785, 0.1043827086687088, 0.09936819970607758, 0.10130967944860458, 0.0980331152677536, 0.09729249030351639, 0.09535124897956848, 0.09388044476509094, 0.09115792065858841, 0.09158135950565338, 0.08809981495141983, 0.0883210077881813, 0.08850175142288208, 0.08674857020378113, 0.08423047512769699, 0.08543846011161804, 0.08088935911655426, 0.08528988808393478, 0.08211727440357208, 0.07899011671543121, 0.07891228049993515, 0.07634468376636505, 0.07723239064216614, 0.07954984158277512, 0.07498727738857269, 0.07451751083135605, 0.07579265534877777, 0.07373758405447006, 0.07291286438703537]
accuracy_train:92.6904296875
accuracy_test:97.67
duration:424.16006565093994
