learning_rate:1e-05
num_epochs:20
batch_size:600
loss_x:[49, 99, 98, 198, 147, 297, 196, 396, 245, 495, 294, 594, 343, 693, 392, 792, 441, 891, 490, 990, 539, 1089, 588, 1188, 637, 1287, 686, 1386, 735, 1485, 784, 1584, 833, 1683, 882, 1782, 931, 1881, 980, 1980]
loss_y:[2.267174243927002, 2.2045791149139404, 2.1126480102539062, 1.9899749755859375, 1.8691890239715576, 1.673635721206665, 1.5090739727020264, 1.411482810974121, 1.1986280679702759, 1.0564146041870117, 0.9571885466575623, 0.8850581645965576, 0.7994799613952637, 0.7211244702339172, 0.6820150017738342, 0.6364274621009827, 0.6144020557403564, 0.5877044796943665, 0.5361273884773254, 0.5170137286186218, 0.5217502117156982, 0.5399830937385559, 0.48381659388542175, 0.4713992178440094, 0.4723460376262665, 0.4754997789859772, 0.418643981218338, 0.38294845819473267, 0.4335939586162567, 0.4042525291442871, 0.3786872923374176, 0.4037780165672302, 0.3424666225910187, 0.3512682020664215, 0.35134729743003845, 0.392467200756073, 0.3675183653831482, 0.3597653806209564, 0.32996100187301636, 0.32779034972190857]
loss_y_test:[2.262138605117798, 2.197927474975586, 2.1086301803588867, 1.9854182004928589, 1.8363258838653564, 1.67019784450531, 1.4938000440597534, 1.3226054906845093, 1.169565200805664, 1.0386378765106201, 0.9299989342689514, 0.8412272930145264, 0.7686374187469482, 0.709994375705719, 0.6625251173973083, 0.6215109825134277, 0.5878505706787109, 0.5590429902076721, 0.5353957414627075, 0.5127149820327759, 0.494328111410141, 0.4755854904651642, 0.4602753520011902, 0.44655492901802063, 0.4345962405204773, 0.4234810471534729, 0.4136674702167511, 0.40391749143600464, 0.3957084119319916, 0.386773020029068, 0.3800220787525177, 0.37367987632751465, 0.3673055171966553, 0.3609994649887085, 0.355954110622406, 0.3509891629219055, 0.34536147117614746, 0.34109216928482056, 0.33784306049346924, 0.3340798318386078]
accuracy_train:79.7
accuracy_test:90.69
duration:826.3505697250366
