learning_rate:1e-05
num_epochs:20
batch_size:600
loss_x:[49, 99, 98, 198, 147, 297, 196, 396, 245, 495, 294, 594, 343, 693, 392, 792, 441, 891, 490, 990, 539, 1089, 588, 1188, 637, 1287, 686, 1386, 735, 1485, 784, 1584, 833, 1683, 882, 1782, 931, 1881, 980, 1980]
loss_y:[2.300766706466675, 2.2999107837677, 2.2962238788604736, 2.2890725135803223, 2.283925771713257, 2.2799882888793945, 2.268484592437744, 2.2632038593292236, 2.248781204223633, 2.2291862964630127, 2.212315559387207, 2.1915957927703857, 2.170475482940674, 2.1319124698638916, 2.1152517795562744, 2.0904409885406494, 2.0319387912750244, 1.9849971532821655, 1.960415005683899, 1.869300127029419, 1.8331313133239746, 1.791844129562378, 1.7431215047836304, 1.6870522499084473, 1.6785898208618164, 1.6023502349853516, 1.4926806688308716, 1.459264874458313, 1.4309629201889038, 1.383108377456665, 1.315488338470459, 1.2353304624557495, 1.1785856485366821, 1.179585337638855, 1.1450985670089722, 1.1332436800003052, 1.0887764692306519, 1.0659363269805908, 1.0263347625732422, 0.9876222014427185]
loss_y_test:[2.302164316177368, 2.299386501312256, 2.2960469722747803, 2.291872024536133, 2.286710500717163, 2.279783248901367, 2.2714061737060547, 2.2611005306243896, 2.2485413551330566, 2.2332191467285156, 2.215261220932007, 2.1935737133026123, 2.1673426628112793, 2.1377573013305664, 2.10461688041687, 2.0682432651519775, 2.028170347213745, 1.9849424362182617, 1.9386652708053589, 1.8900566101074219, 1.8390134572982788, 1.7868191003799438, 1.733345866203308, 1.6783828735351562, 1.6231184005737305, 1.5677554607391357, 1.513089656829834, 1.4586913585662842, 1.4053196907043457, 1.3534009456634521, 1.3022042512893677, 1.252318263053894, 1.2055054903030396, 1.1609296798706055, 1.1190080642700195, 1.0791682004928589, 1.042170524597168, 1.006856918334961, 0.974419891834259, 0.943801999092102]
accuracy_train:51.63333333333333
accuracy_test:76.02
duration:377.837110042572
